Folder	ConsManifesto2015	ConsManifesto2015_Rel_Freq	GreenManifesto2015	GreenManifesto2015_Rel_Freq	LabourManifesto2015	LabourManifesto2015_Rel_Freq	LibdemManifesto2015	LibdemManifesto2015_Rel_Freq	PlaidCymruManifesto2015	PlaidCymruManifesto2015_Rel_Freq	SNPManifesto2015	SNPManifesto2015_Rel_Freq	UKIPManifesto2015	UKIPManifesto2015_Rel_Freq	TOTAL	TOTAL_Rel_Freq	RANGE	Log_Likelihood	Dispersion_DP	Dispersion_DPnorm	
A1.1.1	525 	1.79	611 	1.55	356 	2.02	475 	1.47	276 	1.57	286 	1.60	365 	1.39	2894	1.60	7	35.19	0.04	0.05	
A1.1.1-	0	0.00	2 	0.01	0	0.00	0	0.00	0	0.00	0	0.00	0	0.00	2	0.00	1	6.08	0.78	0.87	
A1.1.2	36 	0.12	63 	0.16	26 	0.15	36 	0.11	18 	0.10	20 	0.11	49 	0.19	248	0.14	7	10.51	0.09	0.10	
A1.2	2 	0.01	1 	0.00	1 	0.01	2 	0.01	0	0.00	0	0.00	0	0.00	6	0.00	4	5.87	0.39	0.44	
A1.2+	7 	0.02	33 	0.08	9 	0.05	45 	0.14	35 	0.20	9 	0.05	36 	0.14	174	0.10	7	57.14	0.24	0.27	
A1.2-	0	0.00	3 	0.01	0	0.00	0	0.00	1 	0.01	0	0.00	6 	0.02	10	0.01	3	18.98	0.54	0.60	
A1.3+	1 	0.00	6 	0.02	1 	0.01	9 	0.03	0	0.00	5 	0.03	1 	0.00	23	0.01	6	17.41	0.37	0.41	
A1.3-	0	0.00	4 	0.01	1 	0.01	0	0.00	0	0.00	0	0.00	1 	0.00	6	0.00	3	10.26	0.54	0.60	
A1.4	25 	0.09	30 	0.08	9 	0.05	27 	0.08	21 	0.12	31 	0.17	14 	0.05	157	0.09	7	21.49	0.13	0.15	
A1.4+	0	0.00	1 	0.00	0	0.00	0	0.00	0	0.00	0	0.00	0	0.00	1	0.00	1	3.04	0.78	0.87	
A1.4-	0	0.00	1 	0.00	0	0.00	0	0.00	1 	0.01	0	0.00	0	0.00	2	0.00	2	4.92	0.68	0.76	
A1.5.1	36 	0.12	137 	0.35	27 	0.15	108 	0.33	63 	0.36	33 	0.19	33 	0.13	437	0.24	7	82.74	0.21	0.23	
A1.5.1+	0	0.00	3 	0.01	1 	0.01	0	0.00	0	0.00	0	0.00	1 	0.00	5	0.00	3	8.13	0.54	0.60	
A1.5.1-	5 	0.02	3 	0.01	0	0.00	2 	0.01	1 	0.01	0	0.00	1 	0.00	12	0.01	5	8.49	0.29	0.32	
A1.5.2	0	0.00	1 	0.00	0	0.00	0	0.00	0	0.00	1 	0.01	0	0.00	2	0.00	2	4.90	0.68	0.76	
A1.5.2+	2 	0.01	10 	0.03	1 	0.01	2 	0.01	4 	0.02	1 	0.01	3 	0.01	23	0.01	7	9.06	0.29	0.32	
A1.5.2-	2 	0.01	3 	0.01	1 	0.01	0	0.00	1 	0.01	1 	0.01	1 	0.00	9	0.00	6	3.98	0.21	0.24	
A1.6	1 	0.00	5 	0.01	0	0.00	5 	0.02	1 	0.01	0	0.00	5 	0.02	17	0.01	5	11.95	0.34	0.38	
A1.7+	75 	0.26	68 	0.17	17 	0.10	60 	0.19	17 	0.10	26 	0.15	54 	0.21	317	0.18	7	26.91	0.11	0.12	
A1.7++	0	0.00	1 	0.00	0	0.00	0	0.00	0	0.00	0	0.00	0	0.00	1	0.00	1	3.04	0.78	0.87	
A1.7-	28 	0.10	27 	0.07	16 	0.09	138 	0.43	4 	0.02	4 	0.02	34 	0.13	251	0.14	7	202.81	0.37	0.41	
A1.8+	82 	0.28	142 	0.36	66 	0.37	169 	0.52	68 	0.39	80 	0.45	62 	0.24	669	0.37	7	42.82	0.10	0.11	
A1.8-	4 	0.01	11 	0.03	3 	0.02	5 	0.02	4 	0.02	0	0.00	6 	0.02	33	0.02	6	9.24	0.17	0.19	
A1.9	14 	0.05	41 	0.10	11 	0.06	24 	0.07	8 	0.05	6 	0.03	11 	0.04	115	0.06	7	16.55	0.17	0.19	
A10+	47 	0.16	75 	0.19	18 	0.10	64 	0.20	32 	0.18	21 	0.12	53 	0.20	310	0.17	7	12.99	0.08	0.09	
A10-	18 	0.06	77 	0.20	16 	0.09	53 	0.16	8 	0.05	13 	0.07	26 	0.10	211	0.12	7	47.45	0.22	0.24	
A11	1 	0.00	0	0.00	0	0.00	0	0.00	0	0.00	0	0.00	0	0.00	1	0.00	1	3.63	0.84	0.93	
A11.1+	133 	0.45	156 	0.40	92 	0.52	152 	0.47	61 	0.35	106 	0.59	135 	0.52	835	0.46	7	18.72	0.06	0.07	
A11.1+++	3 	0.01	2 	0.01	1 	0.01	2 	0.01	2 	0.01	0	0.00	3 	0.01	13	0.01	6	4.20	0.21	0.23	
A11.1-	1 	0.00	8 	0.02	2 	0.01	8 	0.02	5 	0.03	1 	0.01	18 	0.07	43	0.02	7	28.15	0.30	0.33	
A11.1--	0	0.00	0	0.00	0	0.00	0	0.00	0	0.00	0	0.00	2 	0.01	2	0.00	1	7.72	0.85	0.95	
A11.2+	7 	0.02	2 	0.01	0	0.00	1 	0.00	1 	0.01	1 	0.01	5 	0.02	17	0.01	6	13.29	0.40	0.44	
A11.2-	1 	0.00	1 	0.00	0	0.00	0	0.00	0	0.00	1 	0.01	2 	0.01	5	0.00	4	5.70	0.39	0.44	
A12+	19 	0.06	18 	0.05	5 	0.03	12 	0.04	1 	0.01	3 	0.02	12 	0.05	70	0.04	7	16.21	0.17	0.19	
A12++	8 	0.03	4 	0.01	3 	0.02	15 	0.05	5 	0.03	9 	0.05	8 	0.03	52	0.03	7	12.75	0.19	0.21	
A12+++	0	0.00	1 	0.00	0	0.00	0	0.00	0	0.00	0	0.00	0	0.00	1	0.00	1	3.04	0.78	0.87	
A12-	46 	0.16	76 	0.19	45 	0.25	49 	0.15	35 	0.20	32 	0.18	50 	0.19	333	0.18	7	7.93	0.06	0.07	
A13	6 	0.02	15 	0.04	2 	0.01	1 	0.00	1 	0.01	4 	0.02	5 	0.02	34	0.02	7	15.50	0.26	0.28	
A13.1	17 	0.06	12 	0.03	4 	0.02	15 	0.05	0	0.00	5 	0.03	19 	0.07	72	0.04	6	25.33	0.22	0.25	
A13.2	45 	0.15	61 	0.15	11 	0.06	36 	0.11	11 	0.06	43 	0.24	47 	0.18	254	0.14	7	35.52	0.15	0.16	
A13.3	115 	0.39	179 	0.45	55 	0.31	110 	0.34	56 	0.32	91 	0.51	106 	0.40	712	0.39	7	17.61	0.07	0.07	
A13.3+++	1 	0.00	0	0.00	0	0.00	0	0.00	0	0.00	0	0.00	0	0.00	1	0.00	1	3.63	0.84	0.93	
A13.4	22 	0.07	88 	0.22	6 	0.03	35 	0.11	18 	0.10	36 	0.20	19 	0.07	224	0.12	7	63.41	0.24	0.26	
A13.5	0	0.00	4 	0.01	0	0.00	1 	0.00	0	0.00	2 	0.01	2 	0.01	9	0.00	4	9.67	0.43	0.47	
A13.6	7 	0.02	38 	0.10	10 	0.06	8 	0.02	7 	0.04	5 	0.03	28 	0.11	103	0.06	7	36.95	0.28	0.31	
A13.7	27 	0.09	19 	0.05	10 	0.06	24 	0.07	6 	0.03	7 	0.04	17 	0.06	110	0.06	7	10.21	0.13	0.15	
A14	50 	0.17	91 	0.23	30 	0.17	54 	0.17	18 	0.10	17 	0.10	68 	0.26	328	0.18	7	29.43	0.12	0.13	
A15	0	0.00	0	0.00	0	0.00	0	0.00	0	0.00	0	0.00	1 	0.00	1	0.00	1	3.86	0.85	0.95	
A15+	19 	0.06	23 	0.06	12 	0.07	22 	0.07	7 	0.04	3 	0.02	10 	0.04	96	0.05	7	10.73	0.13	0.15	
A15++	6 	0.02	4 	0.01	2 	0.01	1 	0.00	5 	0.03	7 	0.04	2 	0.01	27	0.01	7	13.56	0.31	0.34	
A15+++	2 	0.01	0	0.00	0	0.00	0	0.00	0	0.00	0	0.00	0	0.00	2	0.00	1	7.26	0.84	0.93	
A15-	16 	0.05	28 	0.07	11 	0.06	17 	0.05	1 	0.01	3 	0.02	19 	0.07	95	0.05	7	22.37	0.15	0.17	
A2.1	0	0.00	0	0.00	0	0.00	0	0.00	1 	0.01	0	0.00	0	0.00	1	0.00	1	4.65	0.90	1.00	
A2.1+	167 	0.57	297 	0.75	146 	0.83	281 	0.87	114 	0.65	89 	0.50	156 	0.60	1250	0.69	7	41.88	0.08	0.09	
A2.1-	15 	0.05	18 	0.05	4 	0.02	15 	0.05	3 	0.02	2 	0.01	5 	0.02	62	0.03	7	13.23	0.21	0.24	
A2.2	99 	0.34	263 	0.67	76 	0.43	125 	0.39	97 	0.55	104 	0.58	133 	0.51	897	0.50	7	51.43	0.11	0.12	
A2.2-	0	0.00	1 	0.00	0	0.00	0	0.00	0	0.00	0	0.00	0	0.00	1	0.00	1	3.04	0.78	0.87	
A3	0	0.00	1 	0.00	0	0.00	2 	0.01	3 	0.02	2 	0.01	2 	0.01	10	0.01	5	9.72	0.38	0.42	
A3+	345 	1.17	724 	1.84	249 	1.41	357 	1.11	223 	1.27	264 	1.48	539 	2.06	2701	1.50	7	143.41	0.10	0.12	
A3-	0	0.00	0	0.00	0	0.00	1 	0.00	0	0.00	0	0.00	0	0.00	1	0.00	1	3.44	0.82	0.91	
A4.1	34 	0.12	67 	0.17	26 	0.15	51 	0.16	30 	0.17	26 	0.15	46 	0.18	280	0.16	7	4.89	0.05	0.06	
A4.2+	12 	0.04	86 	0.22	8 	0.05	25 	0.08	15 	0.09	28 	0.16	24 	0.09	198	0.11	7	66.53	0.26	0.29	
A4.2-	0	0.00	4 	0.01	0	0.00	3 	0.01	0	0.00	1 	0.01	0	0.00	8	0.00	3	11.53	0.50	0.56	
A4.2--	1 	0.00	0	0.00	0	0.00	0	0.00	1 	0.01	0	0.00	1 	0.00	3	0.00	3	5.55	0.59	0.66	
A4.2---	1 	0.00	1 	0.00	0	0.00	0	0.00	0	0.00	0	0.00	0	0.00	2	0.00	2	3.90	0.62	0.69	
A5	1 	0.00	0	0.00	0	0.00	0	0.00	0	0.00	0	0.00	0	0.00	1	0.00	1	3.63	0.84	0.93	
A5.1	35 	0.12	36 	0.09	30 	0.17	63 	0.20	26 	0.15	3 	0.02	19 	0.07	212	0.12	7	50.63	0.19	0.21	
A5.1+	143 	0.49	192 	0.49	97 	0.55	180 	0.56	76 	0.43	66 	0.37	71 	0.27	825	0.46	7	37.68	0.08	0.09	
A5.1++	70 	0.24	49 	0.12	53 	0.30	53 	0.16	42 	0.24	45 	0.25	21 	0.08	333	0.18	7	50.62	0.17	0.19	
A5.1+++	83 	0.28	22 	0.06	34 	0.19	34 	0.11	41 	0.23	25 	0.14	31 	0.12	270	0.15	7	73.64	0.23	0.25	
A5.1++++	0	0.00	0	0.00	0	0.00	0	0.00	0	0.00	0	0.00	1 	0.00	1	0.00	1	3.86	0.85	0.95	
A5.1++++++	3 	0.01	3 	0.01	0	0.00	0	0.00	3 	0.02	4 	0.02	0	0.00	13	0.01	4	16.66	0.42	0.47	
A5.1-	11 	0.04	29 	0.07	11 	0.06	15 	0.05	12 	0.07	10 	0.06	22 	0.08	110	0.06	7	7.52	0.11	0.13	
A5.1--	0	0.00	3 	0.01	2 	0.01	1 	0.00	0	0.00	0	0.00	2 	0.01	8	0.00	4	8.44	0.41	0.46	
A5.1---	1 	0.00	12 	0.03	0	0.00	1 	0.00	0	0.00	2 	0.01	9 	0.03	25	0.01	5	28.57	0.48	0.53	
A5.2+	17 	0.06	22 	0.06	11 	0.06	26 	0.08	7 	0.04	3 	0.02	36 	0.14	122	0.07	7	28.79	0.18	0.20	
A5.2-	3 	0.01	12 	0.03	2 	0.01	10 	0.03	1 	0.01	2 	0.01	9 	0.03	39	0.02	7	11.36	0.25	0.28	
A5.3+	48 	0.16	33 	0.08	15 	0.08	39 	0.12	18 	0.10	10 	0.06	25 	0.10	188	0.10	7	16.58	0.12	0.13	
A5.3-	7 	0.02	14 	0.04	4 	0.02	5 	0.02	3 	0.02	5 	0.03	8 	0.03	46	0.03	7	3.80	0.12	0.14	
A5.4+	16 	0.05	32 	0.08	11 	0.06	18 	0.06	5 	0.03	7 	0.04	19 	0.07	108	0.06	7	8.67	0.11	0.12	
A5.4-	7 	0.02	4 	0.01	0	0.00	5 	0.02	1 	0.01	0	0.00	9 	0.03	26	0.01	5	18.73	0.32	0.36	
A6	0	0.00	1 	0.00	0	0.00	1 	0.00	0	0.00	1 	0.01	0	0.00	3	0.00	3	4.52	0.50	0.56	
A6.1	2 	0.01	9 	0.02	1 	0.01	0	0.00	0	0.00	3 	0.02	1 	0.00	16	0.01	5	17.21	0.43	0.48	
A6.1+	39 	0.13	113 	0.29	26 	0.15	63 	0.20	38 	0.22	49 	0.27	49 	0.19	377	0.21	7	27.47	0.12	0.13	
A6.1+++	13 	0.04	34 	0.09	11 	0.06	21 	0.07	16 	0.09	23 	0.13	15 	0.06	133	0.07	7	13.22	0.13	0.15	
A6.1-	56 	0.19	229 	0.58	50 	0.28	117 	0.36	52 	0.30	70 	0.39	118 	0.45	692	0.38	7	81.85	0.14	0.16	
A6.2+	35 	0.12	130 	0.33	27 	0.15	51 	0.16	16 	0.09	27 	0.15	26 	0.10	312	0.17	7	69.03	0.20	0.22	
A6.2++	1 	0.00	1 	0.00	0	0.00	3 	0.01	1 	0.01	1 	0.01	0	0.00	7	0.00	5	5.63	0.34	0.38	
A6.2-	3 	0.01	11 	0.03	1 	0.01	5 	0.02	4 	0.02	0	0.00	6 	0.02	30	0.02	6	11.92	0.24	0.26	
A6.3+	6 	0.02	26 	0.07	3 	0.02	15 	0.05	2 	0.01	3 	0.02	8 	0.03	63	0.03	7	19.83	0.25	0.28	
A7	1 	0.00	2 	0.01	0	0.00	3 	0.01	2 	0.01	2 	0.01	5 	0.02	15	0.01	6	7.66	0.28	0.31	
A7+	294 	1.00	497 	1.26	168 	0.95	398 	1.23	258 	1.46	224 	1.26	246 	0.94	2085	1.16	7	44.68	0.07	0.07	
A7++	1 	0.00	0	0.00	0	0.00	1 	0.00	1 	0.01	1 	0.01	0	0.00	4	0.00	4	5.26	0.46	0.51	
A7+++	1 	0.00	2 	0.01	0	0.00	1 	0.00	4 	0.02	1 	0.01	3 	0.01	12	0.01	6	8.79	0.34	0.38	
A7-	3 	0.01	16 	0.04	9 	0.05	4 	0.01	0	0.00	5 	0.03	8 	0.03	45	0.02	6	21.87	0.28	0.31	
A8	3 	0.01	5 	0.01	0	0.00	6 	0.02	0	0.00	2 	0.01	6 	0.02	22	0.01	5	11.61	0.23	0.25	
A9	0	0.00	3 	0.01	6 	0.03	1 	0.00	1 	0.01	0	0.00	1 	0.00	12	0.01	5	17.41	0.43	0.48	
A9+	397 	1.35	445 	1.13	198 	1.12	338 	1.05	213 	1.21	179 	1.00	314 	1.20	2084	1.16	7	17.64	0.04	0.04	
A9-	205 	0.70	292 	0.74	153 	0.87	217 	0.67	135 	0.77	107 	0.60	174 	0.66	1283	0.71	7	11.62	0.04	0.04	
B1	33 	0.11	68 	0.17	32 	0.18	50 	0.15	35 	0.20	12 	0.07	45 	0.17	275	0.15	7	18.93	0.10	0.11	
B2	24 	0.08	69 	0.17	26 	0.15	56 	0.17	21 	0.12	17 	0.10	30 	0.11	243	0.13	7	18.42	0.13	0.14	
B2+	18 	0.06	24 	0.06	4 	0.02	30 	0.09	14 	0.08	7 	0.04	10 	0.04	107	0.06	7	15.25	0.15	0.16	
B2++	0	0.00	4 	0.01	0	0.00	2 	0.01	1 	0.01	2 	0.01	0	0.00	9	0.00	4	10.04	0.41	0.45	
B2-	63 	0.21	106 	0.27	38 	0.22	87 	0.27	36 	0.20	20 	0.11	67 	0.26	417	0.23	7	19.56	0.08	0.09	
B3	129 	0.44	118 	0.30	53 	0.30	117 	0.36	91 	0.52	23 	0.13	121 	0.46	652	0.36	7	63.61	0.12	0.13	
B4	12 	0.04	4 	0.01	1 	0.01	10 	0.03	4 	0.02	4 	0.02	8 	0.03	43	0.02	7	11.56	0.21	0.23	
B5	17 	0.06	15 	0.04	12 	0.07	15 	0.05	202 	1.15	7 	0.04	14 	0.05	282	0.16	7	622.99	0.62	0.69	
B5-	1 	0.00	0	0.00	1 	0.01	0	0.00	0	0.00	0	0.00	2 	0.01	4	0.00	3	7.68	0.59	0.66	
C1	22 	0.07	57 	0.14	32 	0.18	32 	0.10	24 	0.14	8 	0.04	33 	0.13	208	0.12	7	24.77	0.14	0.16	
E1	1 	0.00	3 	0.01	3 	0.02	1 	0.00	0	0.00	0	0.00	2 	0.01	10	0.01	5	7.76	0.34	0.37	
E2	0	0.00	1 	0.00	1 	0.01	1 	0.00	0	0.00	0	0.00	3 	0.01	6	0.00	4	7.80	0.42	0.47	
E2+	25 	0.09	15 	0.04	8 	0.05	13 	0.04	2 	0.01	6 	0.03	17 	0.06	86	0.05	7	17.57	0.18	0.20	
E2++	1 	0.00	6 	0.02	3 	0.02	4 	0.01	0	0.00	1 	0.01	5 	0.02	20	0.01	6	8.96	0.26	0.29	
E2+++	0	0.00	0	0.00	0	0.00	1 	0.00	1 	0.01	0	0.00	0	0.00	2	0.00	2	5.32	0.72	0.80	
E2-	3 	0.01	4 	0.01	5 	0.03	7 	0.02	5 	0.03	0	0.00	2 	0.01	26	0.01	6	11.83	0.28	0.31	
E3+	16 	0.05	19 	0.05	11 	0.06	17 	0.05	4 	0.02	3 	0.02	10 	0.04	80	0.04	7	8.87	0.13	0.14	
E3-	46 	0.16	53 	0.13	55 	0.31	52 	0.16	26 	0.15	7 	0.04	48 	0.18	287	0.16	7	45.89	0.12	0.13	
E4.1+	7 	0.02	15 	0.04	7 	0.04	10 	0.03	8 	0.05	8 	0.04	16 	0.06	71	0.04	7	5.71	0.11	0.12	
E4.1++	0	0.00	2 	0.01	0	0.00	0	0.00	0	0.00	0	0.00	0	0.00	2	0.00	1	6.08	0.78	0.87	
E4.1-	8 	0.03	15 	0.04	2 	0.01	9 	0.03	2 	0.01	2 	0.01	17 	0.06	55	0.03	7	17.00	0.22	0.24	
E4.1--	1 	0.00	0	0.00	0	0.00	0	0.00	0	0.00	0	0.00	0	0.00	1	0.00	1	3.63	0.84	0.93	
E4.2+	8 	0.03	15 	0.04	12 	0.07	14 	0.04	3 	0.02	6 	0.03	9 	0.03	67	0.04	7	7.32	0.12	0.13	
E4.2-	1 	0.00	4 	0.01	2 	0.01	0	0.00	1 	0.01	0	0.00	0	0.00	8	0.00	4	10.33	0.46	0.51	
E5+	1 	0.00	0	0.00	1 	0.01	0	0.00	0	0.00	0	0.00	1 	0.00	3	0.00	3	5.55	0.59	0.66	
E5-	5 	0.02	7 	0.02	3 	0.02	6 	0.02	0	0.00	2 	0.01	18 	0.07	41	0.02	6	26.50	0.29	0.33	
E6+	11 	0.04	7 	0.02	10 	0.06	19 	0.06	4 	0.02	3 	0.02	13 	0.05	67	0.04	7	14.63	0.21	0.23	
E6-	11 	0.04	24 	0.06	22 	0.12	13 	0.04	8 	0.05	9 	0.05	26 	0.10	113	0.06	7	20.96	0.18	0.20	
F1	32 	0.11	106 	0.27	10 	0.06	35 	0.11	33 	0.19	23 	0.13	27 	0.10	266	0.15	7	57.53	0.21	0.23	
F1-	2 	0.01	1 	0.00	0	0.00	0	0.00	0	0.00	0	0.00	1 	0.00	4	0.00	3	5.84	0.47	0.52	
F2	11 	0.04	17 	0.04	3 	0.02	12 	0.04	12 	0.07	8 	0.04	15 	0.06	78	0.04	7	7.43	0.11	0.12	
F2++	0	0.00	0	0.00	0	0.00	0	0.00	2 	0.01	0	0.00	0	0.00	2	0.00	1	9.30	0.90	1.00	
F3	2 	0.01	12 	0.03	3 	0.02	12 	0.04	4 	0.02	2 	0.01	5 	0.02	40	0.02	7	9.64	0.20	0.23	
F4	30 	0.10	84 	0.21	4 	0.02	46 	0.14	37 	0.21	22 	0.12	61 	0.23	284	0.16	7	58.53	0.18	0.20	
G1.1	426 	1.45	587 	1.49	278 	1.57	456 	1.41	239 	1.36	351 	1.97	378 	1.44	2715	1.51	7	29.60	0.03	0.04	
G1.1-	1 	0.00	33 	0.08	4 	0.02	7 	0.02	8 	0.05	6 	0.03	4 	0.02	63	0.03	7	40.01	0.33	0.37	
G1.2	185 	0.63	194 	0.49	125 	0.71	131 	0.41	74 	0.42	178 	1.00	336 	1.28	1223	0.68	7	220.13	0.18	0.20	
G1.2-	0	0.00	0	0.00	0	0.00	0	0.00	0	0.00	1 	0.01	0	0.00	1	0.00	1	4.63	0.90	1.00	
G2.1	222 	0.76	216 	0.55	126 	0.71	329 	1.02	116 	0.66	60 	0.34	210 	0.80	1279	0.71	7	102.29	0.11	0.12	
G2.1+	7 	0.02	16 	0.04	6 	0.03	30 	0.09	15 	0.09	6 	0.03	14 	0.05	94	0.05	7	20.82	0.21	0.23	
G2.1-	97 	0.33	75 	0.19	44 	0.25	114 	0.35	30 	0.17	17 	0.10	83 	0.32	460	0.26	7	56.77	0.15	0.17	
G2.2	2 	0.01	9 	0.02	3 	0.02	4 	0.01	2 	0.01	3 	0.02	5 	0.02	28	0.02	7	3.68	0.15	0.17	
G2.2+	25 	0.09	57 	0.14	13 	0.07	54 	0.17	26 	0.15	21 	0.12	15 	0.06	211	0.12	7	25.78	0.15	0.17	
G2.2++	17 	0.06	5 	0.01	5 	0.03	13 	0.04	9 	0.05	18 	0.10	5 	0.02	72	0.04	7	28.44	0.25	0.28	
G2.2-	18 	0.06	32 	0.08	22 	0.12	24 	0.07	6 	0.03	11 	0.06	33 	0.13	146	0.08	7	17.90	0.13	0.15	
G3	54 	0.18	56 	0.14	29 	0.16	40 	0.12	42 	0.24	21 	0.12	87 	0.33	329	0.18	7	44.29	0.15	0.17	
G3-	0	0.00	4 	0.01	1 	0.01	3 	0.01	2 	0.01	0	0.00	1 	0.00	11	0.01	5	8.00	0.32	0.36	
H1	102 	0.35	136 	0.34	79 	0.45	130 	0.40	61 	0.35	39 	0.22	105 	0.40	652	0.36	7	18.21	0.06	0.07	
H2	26 	0.09	32 	0.08	15 	0.08	24 	0.07	12 	0.07	15 	0.08	36 	0.14	160	0.09	7	8.05	0.08	0.09	
H3	3 	0.01	7 	0.02	2 	0.01	42 	0.13	8 	0.05	0	0.00	13 	0.05	75	0.04	6	76.32	0.42	0.46	
H4	133 	0.45	228 	0.58	90 	0.51	153 	0.47	58 	0.33	45 	0.25	92 	0.35	799	0.44	7	45.58	0.10	0.11	
H4-	3 	0.01	5 	0.01	6 	0.03	3 	0.01	2 	0.01	0	0.00	15 	0.06	34	0.02	6	26.50	0.37	0.42	
H5	5 	0.02	10 	0.03	5 	0.03	8 	0.02	5 	0.03	10 	0.06	12 	0.05	55	0.03	7	7.68	0.16	0.17	
I1	180 	0.61	209 	0.53	86 	0.49	188 	0.58	75 	0.43	136 	0.76	164 	0.63	1038	0.58	7	23.29	0.06	0.06	
I1.1	437 	1.49	745 	1.89	236 	1.34	426 	1.32	206 	1.17	358 	2.01	288 	1.10	2696	1.49	7	119.72	0.09	0.10	
I1.1+	21 	0.07	68 	0.17	24 	0.14	34 	0.11	17 	0.10	25 	0.14	20 	0.08	209	0.12	7	21.61	0.14	0.16	
I1.1++	3 	0.01	3 	0.01	2 	0.01	0	0.00	0	0.00	3 	0.02	0	0.00	11	0.01	4	12.99	0.42	0.47	
I1.1+++	3 	0.01	1 	0.00	2 	0.01	2 	0.01	1 	0.01	0	0.00	1 	0.00	10	0.01	6	4.70	0.26	0.29	
I1.1-	18 	0.06	66 	0.17	14 	0.08	23 	0.07	13 	0.07	22 	0.12	15 	0.06	171	0.09	7	31.15	0.20	0.22	
I1.1--	1 	0.00	18 	0.05	1 	0.01	3 	0.01	0	0.00	0	0.00	2 	0.01	25	0.01	5	33.53	0.50	0.56	
I1.1---	4 	0.01	3 	0.01	3 	0.02	4 	0.01	1 	0.01	2 	0.01	3 	0.01	20	0.01	7	1.74	0.12	0.13	
I1.2	198 	0.67	351 	0.89	85 	0.48	125 	0.39	45 	0.26	121 	0.68	160 	0.61	1085	0.60	7	129.32	0.14	0.15	
I1.2+	0	0.00	1 	0.00	0	0.00	0	0.00	0	0.00	0	0.00	1 	0.00	2	0.00	2	4.13	0.64	0.71	
I1.2-	1 	0.00	2 	0.01	2 	0.01	2 	0.01	1 	0.01	0	0.00	3 	0.01	11	0.01	6	4.28	0.21	0.24	
I1.3	55 	0.19	159 	0.40	49 	0.28	83 	0.26	29 	0.16	44 	0.25	94 	0.36	513	0.28	7	45.45	0.13	0.14	
I1.3+	18 	0.06	26 	0.07	6 	0.03	9 	0.03	5 	0.03	8 	0.04	11 	0.04	83	0.05	7	9.12	0.15	0.16	
I1.3+++	1 	0.00	0	0.00	0	0.00	1 	0.00	0	0.00	0	0.00	2 	0.01	4	0.00	3	6.47	0.51	0.57	
I1.3-	77 	0.26	75 	0.19	37 	0.21	57 	0.18	29 	0.16	48 	0.27	41 	0.16	364	0.20	7	14.01	0.09	0.09	
I1.3-+++	1 	0.00	0	0.00	0	0.00	0	0.00	1 	0.01	0	0.00	0	0.00	2	0.00	2	5.51	0.74	0.82	
I1.3--	0	0.00	2 	0.01	0	0.00	2 	0.01	0	0.00	0	0.00	1 	0.00	5	0.00	3	6.28	0.46	0.51	
I1.3---	1 	0.00	0	0.00	1 	0.01	0	0.00	0	0.00	0	0.00	0	0.00	2	0.00	2	5.50	0.74	0.82	
I2	7 	0.02	0	0.00	1 	0.01	3 	0.01	0	0.00	0	0.00	2 	0.01	13	0.01	4	18.02	0.44	0.48	
I2.1	192 	0.65	219 	0.56	128 	0.72	196 	0.61	114 	0.65	150 	0.84	145 	0.55	1144	0.63	7	20.53	0.05	0.06	
I2.1-	0	0.00	1 	0.00	0	0.00	0	0.00	0	0.00	0	0.00	0	0.00	1	0.00	1	3.04	0.78	0.87	
I2.2	133 	0.45	236 	0.60	63 	0.36	175 	0.54	51 	0.29	49 	0.27	157 	0.60	864	0.48	7	61.07	0.11	0.13	
I3.1	283 	0.96	299 	0.76	254 	1.44	348 	1.08	286 	1.62	190 	1.07	206 	0.79	1866	1.03	7	126.28	0.10	0.12	
I3.1-	28 	0.10	14 	0.04	12 	0.07	11 	0.03	6 	0.03	10 	0.06	17 	0.06	98	0.05	7	15.76	0.18	0.20	
I3.2	1 	0.00	2 	0.01	1 	0.01	1 	0.00	4 	0.02	0	0.00	2 	0.01	11	0.01	6	8.01	0.30	0.34	
I3.2+	3 	0.01	10 	0.03	3 	0.02	3 	0.01	4 	0.02	1 	0.01	12 	0.05	36	0.02	7	13.66	0.26	0.29	
I3.2-	0	0.00	0	0.00	1 	0.01	0	0.00	0	0.00	0	0.00	2 	0.01	3	0.00	2	8.55	0.76	0.84	
I4	24 	0.08	36 	0.09	19 	0.11	38 	0.12	17 	0.10	18 	0.10	26 	0.10	178	0.10	7	2.41	0.05	0.05	
K1	22 	0.07	30 	0.08	25 	0.14	42 	0.13	24 	0.14	12 	0.07	24 	0.09	179	0.10	7	14.27	0.13	0.15	
K2	5 	0.02	5 	0.01	0	0.00	10 	0.03	0	0.00	4 	0.02	8 	0.03	32	0.02	5	17.96	0.26	0.29	
K3	0	0.00	0	0.00	0	0.00	0	0.00	1 	0.01	0	0.00	0	0.00	1	0.00	1	4.65	0.90	1.00	
K4	12 	0.04	15 	0.04	8 	0.05	6 	0.02	5 	0.03	3 	0.02	10 	0.04	59	0.03	7	5.98	0.14	0.15	
K5	1 	0.00	0	0.00	0	0.00	0	0.00	0	0.00	0	0.00	0	0.00	1	0.00	1	3.63	0.84	0.93	
K5.1	61 	0.21	32 	0.08	19 	0.11	42 	0.13	37 	0.21	11 	0.06	44 	0.17	246	0.14	7	37.98	0.17	0.19	
K5.2	3 	0.01	1 	0.00	4 	0.02	5 	0.02	1 	0.01	0	0.00	1 	0.00	15	0.01	6	10.77	0.36	0.40	
K6	2 	0.01	3 	0.01	0	0.00	1 	0.00	0	0.00	0	0.00	5 	0.02	11	0.01	4	11.83	0.38	0.42	
L1	7 	0.02	19 	0.05	1 	0.01	3 	0.01	1 	0.01	2 	0.01	4 	0.02	37	0.02	7	19.88	0.32	0.36	
L1+	36 	0.12	48 	0.12	29 	0.16	44 	0.14	22 	0.12	16 	0.09	8 	0.03	203	0.11	7	28.91	0.13	0.14	
L1-	15 	0.05	30 	0.08	4 	0.02	5 	0.02	5 	0.03	2 	0.01	20 	0.08	81	0.04	7	30.47	0.28	0.31	
L2	28 	0.10	102 	0.26	10 	0.06	20 	0.06	8 	0.05	11 	0.06	29 	0.11	208	0.12	7	84.05	0.27	0.30	
L3	9 	0.03	11 	0.03	4 	0.02	20 	0.06	6 	0.03	1 	0.01	8 	0.03	59	0.03	7	13.80	0.16	0.18	
M1	259 	0.88	316 	0.80	137 	0.78	217 	0.67	114 	0.65	84 	0.47	266 	1.02	1393	0.77	7	55.58	0.08	0.09	
M2	215 	0.73	229 	0.58	102 	0.58	245 	0.76	106 	0.60	143 	0.80	186 	0.71	1226	0.68	7	18.61	0.06	0.06	
M3	104 	0.35	285 	0.72	47 	0.27	136 	0.42	58 	0.33	20 	0.11	67 	0.26	717	0.40	7	163.30	0.19	0.21	
M4	21 	0.07	10 	0.03	3 	0.02	11 	0.03	7 	0.04	9 	0.05	28 	0.11	89	0.05	7	28.42	0.24	0.27	
M5	4 	0.01	18 	0.05	3 	0.02	12 	0.04	2 	0.01	8 	0.04	17 	0.06	64	0.04	7	17.85	0.22	0.24	
M6	291 	0.99	398 	1.01	189 	1.07	292 	0.90	147 	0.83	199 	1.12	290 	1.11	1806	1.00	7	14.30	0.04	0.04	
M7	288 	0.98	457 	1.16	177 	1.00	366 	1.13	154 	0.87	107 	0.60	251 	0.96	1800	1.00	7	51.80	0.06	0.07	
M8	20 	0.07	13 	0.03	2 	0.01	9 	0.03	6 	0.03	4 	0.02	15 	0.06	69	0.04	7	15.09	0.20	0.22	
N1	368 	1.25	595 	1.51	134 	0.76	331 	1.03	161 	0.91	170 	0.95	306 	1.17	2065	1.14	7	89.64	0.09	0.10	
N2	19 	0.06	18 	0.05	6 	0.03	6 	0.02	3 	0.02	5 	0.03	11 	0.04	68	0.04	7	12.32	0.18	0.20	
N3	0	0.00	0	0.00	0	0.00	1 	0.00	0	0.00	0	0.00	0	0.00	1	0.00	1	3.44	0.82	0.91	
N3.1	19 	0.06	25 	0.06	10 	0.06	15 	0.05	7 	0.04	22 	0.12	10 	0.04	108	0.06	7	14.16	0.13	0.14	
N3.2	17 	0.06	18 	0.05	10 	0.06	18 	0.06	6 	0.03	10 	0.06	26 	0.10	105	0.06	7	9.55	0.10	0.11	
N3.2+	91 	0.31	118 	0.30	44 	0.25	112 	0.35	20 	0.11	71 	0.40	58 	0.22	514	0.28	7	40.54	0.10	0.11	
N3.2++	2 	0.01	9 	0.02	0	0.00	1 	0.00	1 	0.01	2 	0.01	4 	0.02	19	0.01	6	11.71	0.33	0.36	
N3.2+++	13 	0.04	26 	0.07	6 	0.03	6 	0.02	2 	0.01	5 	0.03	22 	0.08	80	0.04	7	25.00	0.24	0.26	
N3.2-	11 	0.04	45 	0.11	14 	0.08	16 	0.05	5 	0.03	17 	0.10	48 	0.18	156	0.09	7	50.58	0.24	0.27	
N3.2--	4 	0.01	8 	0.02	3 	0.02	4 	0.01	0	0.00	3 	0.02	9 	0.03	31	0.02	6	10.46	0.18	0.20	
N3.2---	2 	0.01	0	0.00	0	0.00	0	0.00	0	0.00	0	0.00	0	0.00	2	0.00	1	7.26	0.84	0.93	
N3.3	29 	0.10	30 	0.08	14 	0.08	53 	0.16	8 	0.05	16 	0.09	23 	0.09	173	0.10	7	21.31	0.13	0.15	
N3.3+	4 	0.01	17 	0.04	3 	0.02	7 	0.02	3 	0.02	6 	0.03	5 	0.02	45	0.02	7	8.11	0.19	0.21	
N3.3++	0	0.00	1 	0.00	0	0.00	0	0.00	0	0.00	0	0.00	0	0.00	1	0.00	1	3.04	0.78	0.87	
N3.3+++	0	0.00	0	0.00	0	0.00	1 	0.00	0	0.00	0	0.00	0	0.00	1	0.00	1	3.44	0.82	0.91	
N3.3-	25 	0.09	15 	0.04	8 	0.05	5 	0.02	4 	0.02	4 	0.02	4 	0.02	65	0.04	7	25.46	0.26	0.29	
N3.3--	3 	0.01	0	0.00	2 	0.01	0	0.00	1 	0.01	0	0.00	2 	0.01	8	0.00	4	11.42	0.50	0.55	
N3.3---	2 	0.01	1 	0.00	0	0.00	1 	0.00	2 	0.01	0	0.00	0	0.00	6	0.00	4	7.09	0.41	0.45	
N3.4	1 	0.00	2 	0.01	0	0.00	2 	0.01	0	0.00	0	0.00	0	0.00	5	0.00	3	6.05	0.44	0.49	
N3.4+	0	0.00	1 	0.00	0	0.00	0	0.00	0	0.00	1 	0.01	0	0.00	2	0.00	2	4.90	0.68	0.76	
N3.5	7 	0.02	11 	0.03	4 	0.02	11 	0.03	2 	0.01	4 	0.02	9 	0.03	48	0.03	7	3.48	0.10	0.11	
N3.5+	0	0.00	2 	0.01	0	0.00	0	0.00	0	0.00	0	0.00	0	0.00	2	0.00	1	6.08	0.78	0.87	
N3.5-	0	0.00	0	0.00	0	0.00	1 	0.00	0	0.00	0	0.00	0	0.00	1	0.00	1	3.44	0.82	0.91	
N3.6	7 	0.02	15 	0.04	2 	0.01	19 	0.06	4 	0.02	3 	0.02	15 	0.06	65	0.04	7	15.50	0.21	0.23	
N3.6+	1 	0.00	0	0.00	0	0.00	0	0.00	0	0.00	0	0.00	0	0.00	1	0.00	1	3.63	0.84	0.93	
N3.7	12 	0.04	50 	0.13	16 	0.09	20 	0.06	26 	0.15	24 	0.13	18 	0.07	166	0.09	7	28.53	0.19	0.21	
N3.7+	34 	0.12	20 	0.05	16 	0.09	23 	0.07	8 	0.05	13 	0.07	21 	0.08	135	0.07	7	12.17	0.12	0.13	
N3.7++	18 	0.06	27 	0.07	13 	0.07	28 	0.09	9 	0.05	24 	0.13	10 	0.04	129	0.07	7	15.41	0.13	0.14	
N3.7+++	12 	0.04	5 	0.01	5 	0.03	10 	0.03	2 	0.01	5 	0.03	3 	0.01	42	0.02	7	9.81	0.22	0.25	
N3.7++++++	0	0.00	0	0.00	0	0.00	1 	0.00	0	0.00	0	0.00	0	0.00	1	0.00	1	3.44	0.82	0.91	
N3.7-	9 	0.03	13 	0.03	8 	0.05	25 	0.08	0	0.00	19 	0.11	6 	0.02	80	0.04	6	39.24	0.27	0.30	
N3.7-+++	2 	0.01	0	0.00	0	0.00	0	0.00	0	0.00	0	0.00	1 	0.00	3	0.00	2	7.30	0.69	0.77	
N3.7--	1 	0.00	1 	0.00	0	0.00	0	0.00	0	0.00	0	0.00	0	0.00	2	0.00	2	3.90	0.62	0.69	
N3.7---	6 	0.02	5 	0.01	1 	0.01	1 	0.00	0	0.00	3 	0.02	0	0.00	16	0.01	5	14.42	0.39	0.44	
N3.8	32 	0.11	32 	0.08	16 	0.09	14 	0.04	11 	0.06	28 	0.16	25 	0.10	158	0.09	7	20.02	0.13	0.15	
N3.8+	22 	0.07	26 	0.07	10 	0.06	27 	0.08	10 	0.06	18 	0.10	17 	0.06	130	0.07	7	4.09	0.07	0.08	
N3.8++	8 	0.03	6 	0.02	1 	0.01	6 	0.02	3 	0.02	1 	0.01	2 	0.01	27	0.01	7	6.55	0.19	0.21	
N3.8+++	5 	0.02	0	0.00	0	0.00	0	0.00	0	0.00	0	0.00	0	0.00	5	0.00	1	18.15	0.84	0.93	
N3.8++++	0	0.00	1 	0.00	0	0.00	0	0.00	1 	0.01	1 	0.01	0	0.00	3	0.00	3	5.73	0.58	0.65	
N3.8-	2 	0.01	7 	0.02	0	0.00	2 	0.01	2 	0.01	2 	0.01	7 	0.03	22	0.01	6	10.58	0.27	0.30	
N4	130 	0.44	118 	0.30	48 	0.27	102 	0.32	34 	0.19	60 	0.34	97 	0.37	589	0.33	7	26.48	0.08	0.09	
N4+++	0	0.00	0	0.00	0	0.00	1 	0.00	0	0.00	1 	0.01	0	0.00	2	0.00	2	5.30	0.72	0.80	
N5	111 	0.38	263 	0.67	59 	0.33	120 	0.37	62 	0.35	88 	0.49	185 	0.71	888	0.49	7	80.33	0.14	0.16	
N5+	133 	0.45	226 	0.57	83 	0.47	149 	0.46	70 	0.40	136 	0.76	148 	0.57	945	0.52	7	31.97	0.08	0.09	
N5++	228 	0.78	210 	0.53	96 	0.54	163 	0.51	93 	0.53	217 	1.22	141 	0.54	1148	0.64	7	109.43	0.13	0.14	
N5+++	12 	0.04	20 	0.05	7 	0.04	14 	0.04	3 	0.02	9 	0.05	10 	0.04	75	0.04	7	4.47	0.08	0.09	
N5++++	0	0.00	1 	0.00	0	0.00	1 	0.00	1 	0.01	2 	0.01	0	0.00	5	0.00	4	7.07	0.42	0.47	
N5-	77 	0.26	166 	0.42	47 	0.27	98 	0.30	49 	0.28	49 	0.27	76 	0.29	562	0.31	7	19.21	0.08	0.09	
N5--	13 	0.04	23 	0.06	6 	0.03	11 	0.03	5 	0.03	3 	0.02	6 	0.02	67	0.04	7	9.10	0.16	0.17	
N5---	22 	0.07	35 	0.09	17 	0.10	27 	0.08	13 	0.07	19 	0.11	27 	0.10	160	0.09	7	2.53	0.05	0.06	
N5.1	0	0.00	12 	0.03	0	0.00	3 	0.01	1 	0.01	2 	0.01	1 	0.00	19	0.01	5	21.70	0.42	0.46	
N5.1+	184 	0.63	276 	0.70	96 	0.54	237 	0.73	145 	0.82	110 	0.62	179 	0.68	1227	0.68	7	14.11	0.04	0.05	
N5.1+++	3 	0.01	4 	0.01	2 	0.01	0	0.00	0	0.00	0	0.00	2 	0.01	11	0.01	4	10.54	0.38	0.42	
N5.1-	35 	0.12	69 	0.17	23 	0.13	36 	0.11	31 	0.18	34 	0.19	13 	0.05	241	0.13	7	30.54	0.14	0.16	
N5.2+	54 	0.18	78 	0.20	46 	0.26	48 	0.15	14 	0.08	22 	0.12	58 	0.22	320	0.18	7	26.50	0.11	0.13	
N6	8 	0.03	6 	0.02	0	0.00	5 	0.02	1 	0.01	2 	0.01	7 	0.03	29	0.02	6	11.00	0.21	0.23	
N6+	36 	0.12	62 	0.16	28 	0.16	42 	0.13	20 	0.11	21 	0.12	61 	0.23	270	0.15	7	15.99	0.10	0.11	
N6+++	18 	0.06	4 	0.01	8 	0.05	13 	0.04	10 	0.06	4 	0.02	4 	0.02	61	0.03	7	21.70	0.27	0.29	
N6-	3 	0.01	6 	0.02	1 	0.01	3 	0.01	0	0.00	1 	0.01	11 	0.04	25	0.01	6	17.69	0.32	0.35	
O1	13 	0.04	60 	0.15	6 	0.03	20 	0.06	21 	0.12	6 	0.03	10 	0.04	136	0.08	7	48.93	0.28	0.31	
O1.1	13 	0.04	39 	0.10	9 	0.05	25 	0.08	11 	0.06	9 	0.05	15 	0.06	121	0.07	7	10.27	0.13	0.15	
O1.2	9 	0.03	32 	0.08	4 	0.02	12 	0.04	5 	0.03	15 	0.08	9 	0.03	86	0.05	7	20.11	0.23	0.25	
O1.3	11 	0.04	36 	0.09	3 	0.02	31 	0.10	5 	0.03	7 	0.04	10 	0.04	103	0.06	7	29.19	0.25	0.28	
O1.3-	0	0.00	0	0.00	0	0.00	1 	0.00	0	0.00	0	0.00	0	0.00	1	0.00	1	3.44	0.82	0.91	
O2	90 	0.31	151 	0.38	43 	0.24	104 	0.32	46 	0.26	59 	0.33	70 	0.27	563	0.31	7	12.45	0.06	0.07	
O3	9 	0.03	39 	0.10	2 	0.01	32 	0.10	14 	0.08	6 	0.03	10 	0.04	112	0.06	7	36.57	0.26	0.29	
O4.1	45 	0.15	58 	0.15	31 	0.18	82 	0.25	26 	0.15	28 	0.16	25 	0.10	295	0.16	7	23.90	0.11	0.12	
O4.2	1 	0.00	1 	0.00	0	0.00	0	0.00	0	0.00	0	0.00	0	0.00	2	0.00	2	3.90	0.62	0.69	
O4.2+	19 	0.06	20 	0.05	4 	0.02	16 	0.05	16 	0.09	1 	0.01	18 	0.07	94	0.05	7	22.15	0.16	0.18	
O4.2++	2 	0.01	0	0.00	0	0.00	0	0.00	0	0.00	0	0.00	0	0.00	2	0.00	1	7.26	0.84	0.93	
O4.2-	3 	0.01	10 	0.03	1 	0.01	7 	0.02	1 	0.01	0	0.00	11 	0.04	33	0.02	6	19.02	0.31	0.34	
O4.3	20 	0.07	109 	0.28	10 	0.06	65 	0.20	20 	0.11	3 	0.02	16 	0.06	243	0.13	7	119.68	0.32	0.35	
O4.4	10 	0.03	27 	0.07	14 	0.08	12 	0.04	9 	0.05	7 	0.04	12 	0.05	91	0.05	7	8.36	0.14	0.15	
O4.5	12 	0.04	16 	0.04	10 	0.06	17 	0.05	6 	0.03	2 	0.01	11 	0.04	74	0.04	7	7.58	0.09	0.10	
O4.6	1 	0.00	4 	0.01	0	0.00	2 	0.01	1 	0.01	0	0.00	0	0.00	8	0.00	4	7.92	0.38	0.42	
O4.6+	6 	0.02	34 	0.09	5 	0.03	19 	0.06	4 	0.02	5 	0.03	4 	0.02	77	0.04	7	29.59	0.29	0.32	
O4.6-	7 	0.02	1 	0.00	8 	0.05	2 	0.01	0	0.00	5 	0.03	4 	0.02	27	0.01	6	23.59	0.38	0.43	
O4.6--	0	0.00	0	0.00	0	0.00	0	0.00	0	0.00	1 	0.01	0	0.00	1	0.00	1	4.63	0.90	1.00	
P1	288 	0.98	355 	0.90	190 	1.08	348 	1.08	202 	1.15	111 	0.62	280 	1.07	1774	0.98	7	40.82	0.06	0.06	
Q1.1	33 	0.11	30 	0.08	13 	0.07	31 	0.10	15 	0.09	21 	0.12	28 	0.11	171	0.09	7	4.87	0.08	0.08	
Q1.2	91 	0.31	101 	0.26	61 	0.35	114 	0.35	45 	0.26	64 	0.36	131 	0.50	607	0.34	7	31.37	0.09	0.10	
Q1.2-	0	0.00	0	0.00	1 	0.01	0	0.00	1 	0.01	0	0.00	0	0.00	2	0.00	2	6.53	0.80	0.89	
Q1.3	16 	0.05	6 	0.02	3 	0.02	6 	0.02	5 	0.03	6 	0.03	1 	0.00	43	0.02	7	18.25	0.27	0.30	
Q2.1	43 	0.15	68 	0.17	35 	0.20	71 	0.22	30 	0.17	39 	0.22	41 	0.16	327	0.18	7	7.39	0.07	0.08	
Q2.2	93 	0.32	209 	0.53	65 	0.37	185 	0.57	90 	0.51	109 	0.61	212 	0.81	963	0.53	7	75.87	0.10	0.11	
Q2.2-	0	0.00	1 	0.00	1 	0.01	0	0.00	0	0.00	0	0.00	0	0.00	2	0.00	2	4.92	0.68	0.76	
Q3	31 	0.11	23 	0.06	2 	0.01	48 	0.15	74 	0.42	10 	0.06	29 	0.11	217	0.12	7	134.47	0.29	0.32	
Q4	17 	0.06	25 	0.06	15 	0.08	25 	0.08	23 	0.13	7 	0.04	7 	0.03	119	0.07	7	20.64	0.15	0.17	
Q4.1	9 	0.03	26 	0.07	11 	0.06	15 	0.05	3 	0.02	0	0.00	6 	0.02	70	0.04	6	27.85	0.25	0.27	
Q4.2	10 	0.03	7 	0.02	1 	0.01	24 	0.07	5 	0.03	0	0.00	6 	0.02	53	0.03	6	33.84	0.30	0.33	
Q4.3	14 	0.05	7 	0.02	5 	0.03	13 	0.04	8 	0.05	8 	0.04	6 	0.02	61	0.03	7	7.92	0.17	0.18	
S1.1.1	94 	0.32	151 	0.38	81 	0.46	145 	0.45	76 	0.43	39 	0.22	117 	0.45	703	0.39	7	27.55	0.08	0.08	
S1.1.1-	0	0.00	1 	0.00	0	0.00	0	0.00	0	0.00	0	0.00	0	0.00	1	0.00	1	3.04	0.78	0.87	
S1.1.2+	16 	0.05	41 	0.10	31 	0.18	38 	0.12	16 	0.09	27 	0.15	21 	0.08	190	0.11	7	21.35	0.13	0.14	
S1.1.3	0	0.00	1 	0.00	1 	0.01	0	0.00	1 	0.01	0	0.00	1 	0.00	4	0.00	4	5.11	0.44	0.49	
S1.1.3+	17 	0.06	38 	0.10	20 	0.11	33 	0.10	26 	0.15	22 	0.12	26 	0.10	182	0.10	7	10.89	0.08	0.09	
S1.1.3+++	2 	0.01	3 	0.01	0	0.00	7 	0.02	0	0.00	0	0.00	4 	0.02	16	0.01	4	14.89	0.36	0.40	
S1.1.3-	2 	0.01	2 	0.01	0	0.00	3 	0.01	5 	0.03	2 	0.01	3 	0.01	17	0.01	6	9.03	0.25	0.27	
S1.1.4+	13 	0.04	7 	0.02	6 	0.03	4 	0.01	0	0.00	4 	0.02	2 	0.01	36	0.02	6	18.73	0.28	0.31	
S1.2	1 	0.00	3 	0.01	2 	0.01	1 	0.00	0	0.00	0	0.00	1 	0.00	8	0.00	5	5.44	0.31	0.34	
S1.2.1+	6 	0.02	11 	0.03	2 	0.01	12 	0.04	2 	0.01	3 	0.02	10 	0.04	46	0.03	7	7.46	0.17	0.19	
S1.2.1-	4 	0.01	4 	0.01	3 	0.02	8 	0.02	2 	0.01	2 	0.01	8 	0.03	31	0.02	7	5.55	0.19	0.21	
S1.2.2+	1 	0.00	3 	0.01	0	0.00	1 	0.00	2 	0.01	0	0.00	3 	0.01	10	0.01	5	6.98	0.34	0.38	
S1.2.2-	2 	0.01	2 	0.01	1 	0.01	2 	0.01	0	0.00	0	0.00	0	0.00	7	0.00	4	5.95	0.34	0.38	
S1.2.3+	1 	0.00	0	0.00	0	0.00	2 	0.01	0	0.00	1 	0.01	7 	0.03	11	0.01	4	19.42	0.49	0.55	
S1.2.3+++	1 	0.00	0	0.00	0	0.00	0	0.00	0	0.00	0	0.00	0	0.00	1	0.00	1	3.63	0.84	0.93	
S1.2.4+	4 	0.01	3 	0.01	3 	0.02	3 	0.01	0	0.00	0	0.00	0	0.00	13	0.01	4	12.08	0.34	0.38	
S1.2.4-	2 	0.01	1 	0.00	1 	0.01	2 	0.01	1 	0.01	2 	0.01	1 	0.00	10	0.01	7	1.87	0.16	0.18	
S1.2.5+	79 	0.27	28 	0.07	58 	0.33	68 	0.21	20 	0.11	25 	0.14	11 	0.04	289	0.16	7	106.85	0.27	0.30	
S1.2.5++	11 	0.04	1 	0.00	5 	0.03	12 	0.04	3 	0.02	16 	0.09	0	0.00	48	0.03	6	47.68	0.38	0.42	
S1.2.5++++++	1 	0.00	0	0.00	0	0.00	0	0.00	0	0.00	1 	0.01	0	0.00	2	0.00	2	5.49	0.74	0.82	
S1.2.5-	13 	0.04	12 	0.03	8 	0.05	9 	0.03	7 	0.04	7 	0.04	6 	0.02	62	0.03	7	3.32	0.11	0.12	
S1.2.5--	0	0.00	0	0.00	1 	0.01	1 	0.00	1 	0.01	0	0.00	1 	0.00	4	0.00	4	5.51	0.48	0.53	
S1.2.5---	2 	0.01	0	0.00	0	0.00	0	0.00	0	0.00	0	0.00	0	0.00	2	0.00	1	7.26	0.84	0.93	
S1.2.6+	2 	0.01	12 	0.03	4 	0.02	5 	0.02	3 	0.02	2 	0.01	12 	0.05	40	0.02	7	12.56	0.24	0.26	
S1.2.6-	1 	0.00	7 	0.02	0	0.00	0	0.00	0	0.00	0	0.00	3 	0.01	11	0.01	3	17.58	0.55	0.60	
S2	262 	0.89	352 	0.89	238 	1.35	291 	0.90	220 	1.25	109 	0.61	167 	0.64	1639	0.91	7	96.03	0.08	0.09	
S2-	0	0.00	1 	0.00	0	0.00	0	0.00	0	0.00	0	0.00	0	0.00	1	0.00	1	3.04	0.78	0.87	
S2.1	30 	0.10	46 	0.12	16 	0.09	25 	0.08	20 	0.11	11 	0.06	12 	0.05	160	0.09	7	13.58	0.12	0.14	
S2.2	5 	0.02	11 	0.03	2 	0.01	3 	0.01	7 	0.04	2 	0.01	4 	0.02	34	0.02	7	8.00	0.21	0.24	
S3-	0	0.00	1 	0.00	0	0.00	0	0.00	0	0.00	0	0.00	0	0.00	1	0.00	1	3.04	0.78	0.87	
S3.1	28 	0.10	27 	0.07	25 	0.14	42 	0.13	20 	0.11	8 	0.04	26 	0.10	176	0.10	7	16.89	0.12	0.14	
S3.1-	0	0.00	2 	0.01	0	0.00	0	0.00	0	0.00	0	0.00	0	0.00	2	0.00	1	6.08	0.78	0.87	
S3.2	20 	0.07	20 	0.05	7 	0.04	21 	0.07	7 	0.04	2 	0.01	8 	0.03	85	0.05	7	13.72	0.16	0.17	
S3.2+	0	0.00	0	0.00	0	0.00	0	0.00	0	0.00	0	0.00	1 	0.00	1	0.00	1	3.86	0.85	0.95	
S4	143 	0.49	74 	0.19	93 	0.53	79 	0.24	27 	0.15	40 	0.22	92 	0.35	548	0.30	7	97.24	0.19	0.21	
S5	1 	0.00	1 	0.00	0	0.00	0	0.00	1 	0.01	0	0.00	0	0.00	3	0.00	3	4.73	0.52	0.58	
S5+	224 	0.76	426 	1.08	199 	1.13	358 	1.11	188 	1.07	157 	0.88	194 	0.74	1746	0.97	7	47.83	0.08	0.09	
S5+++	1 	0.00	1 	0.00	0	0.00	0	0.00	0	0.00	0	0.00	0	0.00	2	0.00	2	3.90	0.62	0.69	
S5-	37 	0.13	39 	0.10	27 	0.15	66 	0.20	23 	0.13	16 	0.09	42 	0.16	250	0.14	7	18.85	0.12	0.13	
S6+	169 	0.58	321 	0.81	179 	1.01	289 	0.90	157 	0.89	188 	1.05	235 	0.90	1538	0.85	7	45.21	0.06	0.07	
S6-	42 	0.14	73 	0.19	11 	0.06	50 	0.15	14 	0.08	30 	0.17	43 	0.16	263	0.15	7	22.39	0.10	0.11	
S7.1	5 	0.02	14 	0.04	8 	0.05	16 	0.05	8 	0.05	3 	0.02	8 	0.03	62	0.03	7	8.30	0.15	0.16	
S7.1+	201 	0.68	237 	0.60	161 	0.91	253 	0.78	139 	0.79	111 	0.62	213 	0.81	1315	0.73	7	25.27	0.06	0.07	
S7.1++	0	0.00	3 	0.01	0	0.00	2 	0.01	0	0.00	2 	0.01	5 	0.02	12	0.01	4	13.16	0.37	0.41	
S7.1-	21 	0.07	35 	0.09	11 	0.06	12 	0.04	10 	0.06	4 	0.02	27 	0.10	120	0.07	7	19.58	0.17	0.18	
S7.1--	0	0.00	1 	0.00	0	0.00	0	0.00	0	0.00	0	0.00	0	0.00	1	0.00	1	3.04	0.78	0.87	
S7.2+	27 	0.09	29 	0.07	5 	0.03	12 	0.04	7 	0.04	4 	0.02	15 	0.06	99	0.05	7	18.45	0.19	0.21	
S7.2-	0	0.00	2 	0.01	0	0.00	1 	0.00	0	0.00	0	0.00	2 	0.01	5	0.00	3	6.69	0.46	0.51	
S7.3	0	0.00	1 	0.00	1 	0.01	0	0.00	0	0.00	0	0.00	1 	0.00	3	0.00	3	4.96	0.54	0.60	
S7.3+	8 	0.03	10 	0.03	9 	0.05	19 	0.06	3 	0.02	6 	0.03	7 	0.03	62	0.03	7	9.74	0.17	0.19	
S7.4	1 	0.00	5 	0.01	0	0.00	5 	0.02	2 	0.01	2 	0.01	1 	0.00	16	0.01	6	7.47	0.28	0.31	
S7.4+	79 	0.27	119 	0.30	32 	0.18	115 	0.36	49 	0.28	25 	0.14	110 	0.42	529	0.29	7	44.05	0.11	0.12	
S7.4-	20 	0.07	23 	0.06	13 	0.07	20 	0.06	2 	0.01	3 	0.02	16 	0.06	97	0.05	7	17.90	0.14	0.16	
S8+	685 	2.33	599 	1.52	367 	2.08	879 	2.72	414 	2.35	436 	2.45	416 	1.59	3796	2.10	7	182.40	0.10	0.11	
S8-	54 	0.18	103 	0.26	31 	0.18	71 	0.22	72 	0.41	31 	0.17	66 	0.25	428	0.24	7	29.76	0.10	0.11	
S9	13 	0.04	13 	0.03	12 	0.07	31 	0.10	4 	0.02	0	0.00	14 	0.05	87	0.05	6	35.66	0.23	0.26	
T1	25 	0.09	32 	0.08	18 	0.10	17 	0.05	13 	0.07	10 	0.06	38 	0.15	153	0.08	7	16.66	0.12	0.14	
T1.1	24 	0.08	10 	0.03	4 	0.02	20 	0.06	7 	0.04	4 	0.02	11 	0.04	80	0.04	7	17.96	0.21	0.23	
T1.1.1	91 	0.31	40 	0.10	20 	0.11	29 	0.09	22 	0.12	15 	0.08	47 	0.18	264	0.15	7	64.17	0.21	0.24	
T1.1.2	74 	0.25	110 	0.28	33 	0.19	62 	0.19	32 	0.18	41 	0.23	107 	0.41	459	0.25	7	34.95	0.11	0.12	
T1.1.3	850 	2.89	227 	0.58	546 	3.09	490 	1.52	431 	2.45	350 	1.96	512 	1.96	3406	1.89	7	797.09	0.19	0.21	
T1.2	15 	0.05	14 	0.04	9 	0.05	17 	0.05	4 	0.02	10 	0.06	13 	0.05	82	0.05	7	4.57	0.10	0.11	
T1.3	154 	0.52	253 	0.64	106 	0.60	156 	0.48	60 	0.34	119 	0.67	142 	0.54	990	0.55	7	30.04	0.07	0.07	
T1.3+	41 	0.14	34 	0.09	19 	0.11	33 	0.10	12 	0.07	10 	0.06	25 	0.10	174	0.10	7	10.93	0.09	0.11	
T1.3++	5 	0.02	10 	0.03	3 	0.02	9 	0.03	0	0.00	2 	0.01	9 	0.03	38	0.02	6	11.62	0.19	0.22	
T1.3+++	2 	0.01	0	0.00	0	0.00	0	0.00	0	0.00	0	0.00	0	0.00	2	0.00	1	7.26	0.84	0.93	
T1.3++++	0	0.00	0	0.00	0	0.00	1 	0.00	0	0.00	1 	0.01	0	0.00	2	0.00	2	5.30	0.72	0.80	
T1.3-	5 	0.02	12 	0.03	3 	0.02	2 	0.01	2 	0.01	1 	0.01	2 	0.01	27	0.01	7	9.78	0.26	0.29	
T2+	85 	0.29	87 	0.22	57 	0.32	106 	0.33	44 	0.25	46 	0.26	72 	0.28	497	0.28	7	9.92	0.06	0.07	
T2++	178 	0.61	95 	0.24	62 	0.35	181 	0.56	54 	0.31	92 	0.52	77 	0.29	739	0.41	7	93.00	0.17	0.19	
T2+++	5 	0.02	11 	0.03	2 	0.01	4 	0.01	0	0.00	2 	0.01	6 	0.02	30	0.02	6	9.99	0.21	0.23	
T2-	91 	0.31	165 	0.42	50 	0.28	91 	0.28	23 	0.13	38 	0.21	106 	0.40	564	0.31	7	51.12	0.12	0.13	
T3	52 	0.18	36 	0.09	26 	0.15	27 	0.08	16 	0.09	28 	0.16	48 	0.18	233	0.13	7	24.39	0.16	0.17	
T3+	28 	0.10	41 	0.10	15 	0.08	20 	0.06	9 	0.05	9 	0.05	28 	0.11	150	0.08	7	11.15	0.12	0.14	
T3++	7 	0.02	32 	0.08	16 	0.09	17 	0.05	11 	0.06	2 	0.01	11 	0.04	96	0.05	7	24.49	0.20	0.22	
T3+++	2 	0.01	11 	0.03	2 	0.01	0	0.00	1 	0.01	1 	0.01	6 	0.02	23	0.01	6	18.01	0.38	0.42	
T3-	246 	0.84	185 	0.47	109 	0.62	220 	0.68	88 	0.50	132 	0.74	83 	0.32	1063	0.59	7	90.78	0.13	0.14	
T3--	3 	0.01	6 	0.02	1 	0.01	2 	0.01	0	0.00	1 	0.01	1 	0.00	14	0.01	6	6.12	0.26	0.29	
T3---	6 	0.02	5 	0.01	1 	0.01	6 	0.02	2 	0.01	2 	0.01	5 	0.02	27	0.01	7	2.90	0.14	0.16	
T4	0	0.00	1 	0.00	0	0.00	3 	0.01	0	0.00	2 	0.01	2 	0.01	8	0.00	4	9.21	0.45	0.50	
T4+	3 	0.01	25 	0.06	9 	0.05	29 	0.09	8 	0.05	10 	0.06	3 	0.01	87	0.05	7	34.86	0.24	0.27	
T4-	5 	0.02	3 	0.01	1 	0.01	1 	0.00	4 	0.02	4 	0.02	7 	0.03	25	0.01	7	10.67	0.30	0.33	
T4--	3 	0.01	3 	0.01	1 	0.01	2 	0.01	3 	0.02	1 	0.01	2 	0.01	15	0.01	7	1.93	0.14	0.15	
W1	65 	0.22	95 	0.24	36 	0.20	37 	0.11	11 	0.06	9 	0.05	53 	0.20	306	0.17	7	60.30	0.19	0.21	
W2	7 	0.02	5 	0.01	2 	0.01	4 	0.01	0	0.00	0	0.00	5 	0.02	23	0.01	5	12.03	0.21	0.24	
W2--	0	0.00	0	0.00	1 	0.01	0	0.00	0	0.00	0	0.00	0	0.00	1	0.00	1	4.65	0.90	1.00	
W3	83 	0.28	169 	0.43	42 	0.24	72 	0.22	49 	0.28	42 	0.24	77 	0.29	534	0.30	7	31.78	0.10	0.11	
W4	14 	0.05	90 	0.23	17 	0.10	44 	0.14	3 	0.02	10 	0.06	10 	0.04	188	0.10	7	96.74	0.32	0.35	
W5	23 	0.08	85 	0.22	8 	0.05	70 	0.22	11 	0.06	7 	0.04	25 	0.10	229	0.13	7	79.95	0.28	0.31	
X1	0	0.00	1 	0.00	2 	0.01	0	0.00	0	0.00	0	0.00	2 	0.01	5	0.00	3	9.51	0.56	0.62	
X2	4 	0.01	2 	0.01	1 	0.01	7 	0.02	2 	0.01	0	0.00	3 	0.01	19	0.01	6	8.80	0.26	0.29	
X2.1	48 	0.16	150 	0.38	53 	0.30	80 	0.25	35 	0.20	70 	0.39	99 	0.38	535	0.30	7	49.19	0.13	0.15	
X2.1-	0	0.00	1 	0.00	0	0.00	1 	0.00	0	0.00	0	0.00	0	0.00	2	0.00	2	3.71	0.60	0.67	
X2.2	9 	0.03	11 	0.03	4 	0.02	21 	0.07	0	0.00	1 	0.01	6 	0.02	52	0.03	6	26.60	0.24	0.26	
X2.2+	42 	0.14	81 	0.21	36 	0.20	63 	0.20	44 	0.25	21 	0.12	63 	0.24	350	0.19	7	16.21	0.08	0.09	
X2.2-	2 	0.01	5 	0.01	2 	0.01	0	0.00	2 	0.01	2 	0.01	1 	0.00	14	0.01	6	7.47	0.27	0.30	
X2.3+	6 	0.02	14 	0.04	7 	0.04	14 	0.04	12 	0.07	4 	0.02	11 	0.04	68	0.04	7	8.02	0.13	0.14	
X2.4	84 	0.29	91 	0.23	41 	0.23	172 	0.53	60 	0.34	83 	0.47	96 	0.37	627	0.35	7	62.82	0.14	0.15	
X2.5+	5 	0.02	14 	0.04	3 	0.02	14 	0.04	9 	0.05	0	0.00	7 	0.03	52	0.03	6	18.07	0.22	0.24	
X2.5-	0	0.00	4 	0.01	4 	0.02	0	0.00	0	0.00	1 	0.01	3 	0.01	12	0.01	4	16.09	0.45	0.50	
X2.6	0	0.00	1 	0.00	0	0.00	2 	0.01	0	0.00	0	0.00	0	0.00	3	0.00	2	6.10	0.60	0.67	
X2.6+	9 	0.03	27 	0.07	9 	0.05	12 	0.04	6 	0.03	7 	0.04	18 	0.07	88	0.05	7	9.18	0.15	0.17	
X2.6-	1 	0.00	7 	0.02	2 	0.01	0	0.00	0	0.00	1 	0.01	5 	0.02	16	0.01	5	15.52	0.41	0.46	
X3.1	0	0.00	1 	0.00	0	0.00	0	0.00	1 	0.01	0	0.00	0	0.00	2	0.00	2	4.92	0.68	0.76	
X3.2	1 	0.00	12 	0.03	4 	0.02	4 	0.01	2 	0.01	8 	0.04	6 	0.02	37	0.02	7	14.12	0.25	0.28	
X3.2+	1 	0.00	4 	0.01	0	0.00	0	0.00	0	0.00	3 	0.02	1 	0.00	9	0.00	4	11.67	0.46	0.51	
X3.2++	0	0.00	0	0.00	0	0.00	0	0.00	0	0.00	1 	0.01	0	0.00	1	0.00	1	4.63	0.90	1.00	
X3.2-	0	0.00	1 	0.00	0	0.00	0	0.00	0	0.00	0	0.00	0	0.00	1	0.00	1	3.04	0.78	0.87	
X3.3	1 	0.00	1 	0.00	2 	0.01	0	0.00	0	0.00	0	0.00	3 	0.01	7	0.00	4	9.67	0.47	0.52	
X3.4	22 	0.07	38 	0.10	14 	0.08	11 	0.03	28 	0.16	30 	0.17	24 	0.09	167	0.09	7	33.00	0.16	0.18	
X3.4+	1 	0.00	1 	0.00	3 	0.02	0	0.00	0	0.00	0	0.00	0	0.00	5	0.00	3	11.11	0.54	0.60	
X3.4-	0	0.00	1 	0.00	0	0.00	0	0.00	0	0.00	0	0.00	1 	0.00	2	0.00	2	4.13	0.64	0.71	
X4.1	37 	0.13	52 	0.13	21 	0.12	46 	0.14	22 	0.12	15 	0.08	65 	0.25	258	0.14	7	23.83	0.11	0.12	
X4.2	75 	0.26	186 	0.47	71 	0.40	137 	0.42	39 	0.22	72 	0.40	113 	0.43	693	0.38	7	39.21	0.10	0.11	
X5.1+	9 	0.03	21 	0.05	17 	0.10	21 	0.07	16 	0.09	25 	0.14	12 	0.05	121	0.07	7	24.61	0.18	0.20	
X5.1-	4 	0.01	3 	0.01	1 	0.01	0	0.00	1 	0.01	0	0.00	9 	0.03	18	0.01	5	20.86	0.41	0.46	
X5.2+	57 	0.19	146 	0.37	48 	0.27	79 	0.24	57 	0.32	44 	0.25	65 	0.25	496	0.28	7	23.31	0.09	0.10	
X5.2++	0	0.00	0	0.00	0	0.00	2 	0.01	0	0.00	0	0.00	0	0.00	2	0.00	1	6.88	0.82	0.91	
X5.2-	0	0.00	2 	0.01	0	0.00	0	0.00	0	0.00	0	0.00	4 	0.02	6	0.00	2	13.88	0.64	0.71	
X6	1 	0.00	6 	0.02	1 	0.01	4 	0.01	2 	0.01	4 	0.02	10 	0.04	28	0.02	7	12.61	0.26	0.28	
X6+	27 	0.09	37 	0.09	15 	0.08	22 	0.07	20 	0.11	13 	0.07	21 	0.08	155	0.09	7	3.56	0.06	0.07	
X7+	342 	1.16	443 	1.12	163 	0.92	429 	1.33	198 	1.12	197 	1.11	313 	1.20	2085	1.16	7	18.23	0.03	0.04	
X7-	4 	0.01	17 	0.04	1 	0.01	14 	0.04	4 	0.02	14 	0.08	13 	0.05	67	0.04	7	22.19	0.22	0.25	
X8+	21 	0.07	18 	0.05	12 	0.07	17 	0.05	9 	0.05	5 	0.03	13 	0.05	95	0.05	7	5.41	0.09	0.10	
X8++	1 	0.00	0	0.00	2 	0.01	0	0.00	0	0.00	0	0.00	0	0.00	3	0.00	2	9.10	0.74	0.82	
X8+++	1 	0.00	1 	0.00	0	0.00	0	0.00	0	0.00	0	0.00	1 	0.00	3	0.00	3	3.94	0.47	0.52	
X9.1	2 	0.01	2 	0.01	0	0.00	1 	0.00	1 	0.01	0	0.00	5 	0.02	11	0.01	5	9.62	0.33	0.36	
X9.1+	86 	0.29	51 	0.13	54 	0.31	83 	0.26	49 	0.28	32 	0.18	49 	0.19	404	0.22	7	36.04	0.14	0.15	
X9.1-	10 	0.03	16 	0.04	8 	0.05	13 	0.04	2 	0.01	7 	0.04	21 	0.08	77	0.04	7	13.30	0.13	0.15	
X9.2	3 	0.01	6 	0.02	1 	0.01	9 	0.03	4 	0.02	1 	0.01	7 	0.03	31	0.02	7	8.08	0.22	0.25	
X9.2+	55 	0.19	57 	0.14	60 	0.34	87 	0.27	50 	0.28	42 	0.24	34 	0.13	385	0.21	7	40.52	0.15	0.16	
X9.2-	26 	0.09	38 	0.10	17 	0.10	18 	0.06	10 	0.06	7 	0.04	32 	0.12	148	0.08	7	15.50	0.14	0.15	
Y1	59 	0.20	69 	0.17	32 	0.18	50 	0.15	24 	0.14	16 	0.09	47 	0.18	297	0.16	7	11.45	0.07	0.08	
Y2	35 	0.12	35 	0.09	12 	0.07	41 	0.13	14 	0.08	9 	0.05	8 	0.03	154	0.09	7	25.24	0.16	0.18	
Y2-	0	0.00	1 	0.00	0	0.00	0	0.00	0	0.00	0	0.00	0	0.00	1	0.00	1	3.04	0.78	0.87	
Z1	80 	0.27	102 	0.26	55 	0.31	50 	0.15	66 	0.37	39 	0.22	92 	0.35	484	0.27	7	34.05	0.10	0.11	
Z2	475 	1.62	322 	0.82	185 	1.05	419 	1.30	904 	5.13	631 	3.54	453 	1.73	3389	1.88	7	1335.75	0.26	0.28	
Z3	194 	0.66	308 	0.78	91 	0.52	330 	1.02	92 	0.52	195 	1.09	333 	1.27	1543	0.86	7	138.21	0.13	0.15	
Z4	23 	0.08	34 	0.09	9 	0.05	21 	0.07	2 	0.01	13 	0.07	33 	0.13	135	0.07	7	25.07	0.14	0.16	
Z5	8525 	29.03	12137 	30.78	5408 	30.62	10216 	31.66	5298 	30.07	5733 	32.16	7517 	28.71	54834	30.40	7	80.67	0.02	0.02	
Z6	106 	0.36	238 	0.60	92 	0.52	112 	0.35	70 	0.40	49 	0.27	202 	0.77	869	0.48	7	95.09	0.15	0.17	
Z7	27 	0.09	61 	0.15	14 	0.08	20 	0.06	16 	0.09	12 	0.07	53 	0.20	203	0.11	7	37.21	0.20	0.22	
Z8	2730 	9.29	2040 	5.17	1272 	7.20	1546 	4.79	1092 	6.20	1060 	5.95	1623 	6.20	11363	6.30	7	602.24	0.09	0.10	
Z99	203 	0.69	405 	1.03	130 	0.74	328 	1.02	163 	0.93	95 	0.53	293 	1.12	1617	0.90	7	76.91	0.09	0.11	
Z99+++	2 	0.01	0	0.00	0	0.00	0	0.00	0	0.00	0	0.00	0	0.00	2	0.00	1	7.26	0.84	0.93	
TOTAL	29371	100	39433	100	17662	100	32269	100	17616	100	17826	100	26179	100	180356	100	7
