Folder	ConsManifesto2015	ConsManifesto2015_Rel_Freq	GreenManifesto2015	GreenManifesto2015_Rel_Freq	LabourManifesto2015	LabourManifesto2015_Rel_Freq	LibdemManifesto2015	LibdemManifesto2015_Rel_Freq	PlaidCymruManifesto2015	PlaidCymruManifesto2015_Rel_Freq	SNPManifesto2015	SNPManifesto2015_Rel_Freq	UKIPManifesto2015	UKIPManifesto2015_Rel_Freq	TOTAL	TOTAL_Rel_Freq	RANGE	Log_Likelihood	Dispersion_DP	Dispersion_DPnorm	
APPGE	792 	2.70	419 	1.06	343 	1.94	388 	1.20	246 	1.40	261 	1.46	442 	1.69	2891	1.60	7	318.63	0.14	0.15	
AT	1573 	5.36	2247 	5.70	921 	5.21	1614 	5.00	897 	5.09	1104 	6.19	1403 	5.36	9759	5.41	7	40.37	0.03	0.03	
AT1	590 	2.01	926 	2.35	512 	2.90	735 	2.28	369 	2.09	486 	2.73	550 	2.10	4168	2.31	7	58.38	0.05	0.05	
BCL21	5 	0.02	7 	0.02	1 	0.01	2 	0.01	9 	0.05	4 	0.02	6 	0.02	34	0.02	7	12.97	0.22	0.24	
BCL22	0	0.00	1 	0.00	0	0.00	0	0.00	1 	0.01	0	0.00	0	0.00	2	0.00	2	4.92	0.68	0.76	
CC	1336 	4.55	1924 	4.88	813 	4.60	1575 	4.88	754 	4.28	654 	3.67	991 	3.79	8047	4.46	7	84.92	0.04	0.05	
CCB	48 	0.16	83 	0.21	49 	0.28	63 	0.20	15 	0.09	16 	0.09	51 	0.19	325	0.18	7	31.95	0.12	0.13	
CS	160 	0.54	222 	0.56	78 	0.44	152 	0.47	59 	0.33	51 	0.29	206 	0.79	928	0.51	7	72.01	0.11	0.12	
CS21	41 	0.14	36 	0.09	35 	0.20	7 	0.02	53 	0.30	17 	0.10	5 	0.02	194	0.11	7	117.57	0.31	0.34	
CS22	1 	0.00	1 	0.00	0	0.00	0	0.00	1 	0.01	1 	0.01	2 	0.01	6	0.00	5	4.94	0.33	0.36	
CS31	3 	0.01	1 	0.00	0	0.00	1 	0.00	0	0.00	2 	0.01	1 	0.00	8	0.00	5	6.58	0.36	0.40	
CSA	43 	0.15	82 	0.21	20 	0.11	42 	0.13	30 	0.17	28 	0.16	48 	0.18	293	0.16	7	11.04	0.08	0.09	
CSN	73 	0.25	69 	0.17	16 	0.09	39 	0.12	18 	0.10	19 	0.11	46 	0.18	280	0.16	7	30.49	0.14	0.16	
CST	193 	0.66	314 	0.80	122 	0.69	148 	0.46	162 	0.92	142 	0.80	136 	0.52	1217	0.67	7	61.47	0.09	0.11	
CSW	13 	0.04	9 	0.02	8 	0.05	8 	0.02	7 	0.04	3 	0.02	7 	0.03	55	0.03	7	5.79	0.15	0.17	
CSW31	1 	0.00	0	0.00	1 	0.01	0	0.00	0	0.00	0	0.00	1 	0.00	3	0.00	3	5.55	0.59	0.66	
DA	8 	0.03	35 	0.09	11 	0.06	17 	0.05	21 	0.12	15 	0.08	30 	0.11	137	0.08	7	24.35	0.18	0.20	
DA1	9 	0.03	33 	0.08	3 	0.02	7 	0.02	2 	0.01	2 	0.01	12 	0.05	68	0.04	7	31.41	0.30	0.33	
DA2	12 	0.04	50 	0.13	18 	0.10	25 	0.08	6 	0.03	9 	0.05	34 	0.13	154	0.09	7	31.39	0.20	0.22	
DAR	133 	0.45	90 	0.23	49 	0.28	81 	0.25	36 	0.20	57 	0.32	48 	0.18	494	0.27	7	46.04	0.12	0.14	
DAT	5 	0.02	12 	0.03	1 	0.01	4 	0.01	2 	0.01	1 	0.01	4 	0.02	29	0.02	7	7.81	0.20	0.23	
DB	92 	0.31	161 	0.41	49 	0.28	104 	0.32	97 	0.55	35 	0.20	76 	0.29	614	0.34	7	42.29	0.10	0.12	
DB2	1 	0.00	8 	0.02	3 	0.02	5 	0.02	2 	0.01	4 	0.02	9 	0.03	32	0.02	7	9.23	0.19	0.21	
DD	30 	0.10	60 	0.15	19 	0.11	50 	0.15	24 	0.14	26 	0.15	68 	0.26	277	0.15	7	24.78	0.10	0.11	
DD1	170 	0.58	313 	0.79	91 	0.52	163 	0.51	125 	0.71	157 	0.88	186 	0.71	1205	0.67	7	45.28	0.09	0.10	
DD2	78 	0.27	114 	0.29	62 	0.35	75 	0.23	52 	0.30	45 	0.25	98 	0.37	524	0.29	7	13.51	0.06	0.07	
DDQ	70 	0.24	141 	0.36	32 	0.18	100 	0.31	51 	0.29	40 	0.22	94 	0.36	528	0.29	7	24.25	0.09	0.10	
DDQGE	1 	0.00	5 	0.01	1 	0.01	2 	0.01	2 	0.01	1 	0.01	4 	0.02	16	0.01	7	3.74	0.23	0.25	
DDQV	7 	0.02	5 	0.01	1 	0.01	0	0.00	4 	0.02	2 	0.01	5 	0.02	24	0.01	6	13.17	0.26	0.29	
DDQV31	0	0.00	0	0.00	0	0.00	1 	0.00	0	0.00	0	0.00	0	0.00	1	0.00	1	3.44	0.82	0.91	
EX	33 	0.11	57 	0.14	24 	0.14	33 	0.10	15 	0.09	28 	0.16	42 	0.16	232	0.13	7	9.22	0.09	0.10	
FO	21 	0.07	78 	0.20	13 	0.07	19 	0.06	18 	0.10	6 	0.03	25 	0.10	180	0.10	7	50.34	0.22	0.24	
FU	1 	0.00	4 	0.01	2 	0.01	591 	1.83	1 	0.01	2 	0.01	4 	0.02	605	0.34	7	1909.16	0.80	0.88	
FW	0	0.00	2 	0.01	0	0.00	0	0.00	2 	0.01	0	0.00	4 	0.02	8	0.00	3	14.19	0.54	0.60	
GE	110 	0.37	161 	0.41	85 	0.48	130 	0.40	85 	0.48	132 	0.74	116 	0.44	819	0.45	7	35.84	0.07	0.08	
IF	446 	1.52	558 	1.42	261 	1.48	487 	1.51	347 	1.97	349 	1.96	299 	1.14	2747	1.52	7	72.09	0.06	0.06	
II	1752 	5.97	2631 	6.67	1098 	6.22	2114 	6.55	1135 	6.44	1252 	7.02	1651 	6.31	11633	6.45	7	25.66	0.02	0.02	
II21	70 	0.24	153 	0.39	37 	0.21	49 	0.15	46 	0.26	35 	0.20	99 	0.38	489	0.27	7	55.55	0.15	0.17	
II22	1 	0.00	4 	0.01	1 	0.01	0	0.00	0	0.00	0	0.00	1 	0.00	7	0.00	4	8.15	0.40	0.44	
II31	23 	0.08	42 	0.11	13 	0.07	39 	0.12	15 	0.09	17 	0.10	33 	0.13	182	0.10	7	6.40	0.08	0.09	
II32	0	0.00	1 	0.00	0	0.00	0	0.00	0	0.00	0	0.00	0	0.00	1	0.00	1	3.04	0.78	0.87	
II33	6 	0.02	22 	0.06	4 	0.02	12 	0.04	5 	0.03	4 	0.02	6 	0.02	59	0.03	7	9.27	0.18	0.20	
II41	0	0.00	8 	0.02	0	0.00	3 	0.01	0	0.00	0	0.00	3 	0.01	14	0.01	3	18.79	0.46	0.51	
IO	691 	2.35	1114 	2.83	480 	2.72	880 	2.73	479 	2.72	546 	3.06	664 	2.54	4854	2.69	7	27.04	0.03	0.03	
IW	166 	0.57	229 	0.58	143 	0.81	263 	0.82	107 	0.61	134 	0.75	173 	0.66	1215	0.67	7	27.06	0.07	0.08	
JJ	2514 	8.56	4150 	10.52	1525 	8.63	3306 	10.25	1579 	8.96	1520 	8.53	2537 	9.69	17131	9.50	7	127.96	0.04	0.05	
JJ21	1 	0.00	2 	0.01	1 	0.01	2 	0.01	0	0.00	0	0.00	3 	0.01	9	0.00	5	5.41	0.25	0.28	
JJ22	0	0.00	2 	0.01	0	0.00	0	0.00	0	0.00	0	0.00	2 	0.01	4	0.00	2	8.26	0.64	0.71	
JJ31	1 	0.00	1 	0.00	0	0.00	0	0.00	0	0.00	0	0.00	1 	0.00	3	0.00	3	3.94	0.47	0.52	
JJR	175 	0.60	209 	0.53	116 	0.66	174 	0.54	116 	0.66	145 	0.81	92 	0.35	1027	0.57	7	48.34	0.08	0.09	
JJT	112 	0.38	46 	0.12	39 	0.22	49 	0.15	38 	0.22	37 	0.21	45 	0.17	366	0.20	7	59.90	0.16	0.18	
JK	26 	0.09	12 	0.03	19 	0.11	12 	0.04	10 	0.06	8 	0.04	18 	0.07	105	0.06	7	20.12	0.19	0.22	
MC	356 	1.21	554 	1.40	117 	0.66	288 	0.89	141 	0.80	171 	0.96	294 	1.12	1921	1.07	7	100.62	0.10	0.11	
MC1	25 	0.09	35 	0.09	15 	0.08	25 	0.08	11 	0.06	13 	0.07	33 	0.13	157	0.09	7	6.19	0.07	0.08	
MC2	9 	0.03	6 	0.02	2 	0.01	1 	0.00	1 	0.01	1 	0.01	8 	0.03	28	0.02	7	14.30	0.30	0.33	
MCMC	11 	0.04	26 	0.07	0	0.00	6 	0.02	4 	0.02	16 	0.09	16 	0.06	79	0.04	6	35.90	0.27	0.30	
MD	126 	0.43	62 	0.16	52 	0.29	79 	0.24	21 	0.12	55 	0.31	51 	0.19	446	0.25	7	68.59	0.16	0.18	
MF	1 	0.00	14 	0.04	0	0.00	8 	0.02	2 	0.01	2 	0.01	11 	0.04	38	0.02	6	23.76	0.33	0.36	
ND1	27 	0.09	8 	0.02	5 	0.03	7 	0.02	21 	0.12	19 	0.11	6 	0.02	93	0.05	7	51.24	0.36	0.40	
NN	198 	0.67	257 	0.65	192 	1.09	209 	0.65	164 	0.93	106 	0.59	129 	0.49	1255	0.70	7	68.24	0.09	0.10	
NN1	4537 	15.45	6972 	17.68	2908 	16.46	5900 	18.28	3109 	17.65	2976 	16.69	4280 	16.35	30682	17.01	7	99.01	0.03	0.03	
NN121	0	0.00	1 	0.00	0	0.00	2 	0.01	0	0.00	0	0.00	3 	0.01	6	0.00	3	9.37	0.51	0.56	
NN122	0	0.00	1 	0.00	0	0.00	2 	0.01	0	0.00	0	0.00	3 	0.01	6	0.00	3	9.37	0.51	0.56	
NN2	2075 	7.06	3030 	7.68	1381 	7.82	2753 	8.53	1338 	7.60	1131 	6.34	2024 	7.73	13732	7.61	7	87.95	0.03	0.03	
NNA	0	0.00	3 	0.01	0	0.00	2 	0.01	5 	0.03	0	0.00	0	0.00	10	0.01	3	18.67	0.50	0.56	
NNB	4 	0.01	4 	0.01	1 	0.01	3 	0.01	0	0.00	0	0.00	7 	0.03	19	0.01	5	12.80	0.27	0.30	
NNL1	0	0.00	1 	0.00	0	0.00	0	0.00	0	0.00	0	0.00	1 	0.00	2	0.00	2	4.13	0.64	0.71	
NNL2	2 	0.01	0	0.00	0	0.00	0	0.00	0	0.00	0	0.00	1 	0.00	3	0.00	2	7.30	0.69	0.77	
NNO	11 	0.04	3 	0.01	8 	0.05	11 	0.03	2 	0.01	2 	0.01	8 	0.03	45	0.02	7	15.11	0.26	0.29	
NNO2	20 	0.07	11 	0.03	17 	0.10	10 	0.03	5 	0.03	14 	0.08	13 	0.05	90	0.05	7	19.38	0.21	0.23	
NNT1	53 	0.18	125 	0.32	51 	0.29	56 	0.17	34 	0.19	45 	0.25	62 	0.24	426	0.24	7	23.56	0.10	0.11	
NNT2	77 	0.26	81 	0.21	48 	0.27	63 	0.20	14 	0.08	33 	0.19	65 	0.25	381	0.21	7	27.88	0.09	0.10	
NNU	115 	0.39	294 	0.75	39 	0.22	115 	0.36	38 	0.22	107 	0.60	104 	0.40	812	0.45	7	134.74	0.18	0.20	
NNU1	1 	0.00	1 	0.00	2 	0.01	5 	0.02	0	0.00	2 	0.01	4 	0.02	15	0.01	6	9.36	0.35	0.38	
NNU2	1 	0.00	6 	0.02	0	0.00	3 	0.01	2 	0.01	0	0.00	4 	0.02	16	0.01	5	10.18	0.30	0.33	
NNU21	1 	0.00	0	0.00	1 	0.01	0	0.00	0	0.00	2 	0.01	0	0.00	4	0.00	3	9.22	0.64	0.71	
NNU22	1 	0.00	0	0.00	0	0.00	0	0.00	0	0.00	1 	0.01	0	0.00	2	0.00	2	5.49	0.74	0.82	
NP	1 	0.00	1 	0.00	0	0.00	1 	0.00	0	0.00	0	0.00	4 	0.02	7	0.00	4	9.40	0.43	0.47	
NP1	524 	1.78	549 	1.39	231 	1.31	548 	1.70	588 	3.34	705 	3.95	801 	3.06	3946	2.19	7	643.20	0.19	0.21	
NP2	9 	0.03	6 	0.02	2 	0.01	0	0.00	4 	0.02	1 	0.01	4 	0.02	26	0.01	6	15.47	0.26	0.29	
NPD1	0	0.00	0	0.00	0	0.00	0	0.00	0	0.00	2 	0.01	0	0.00	2	0.00	1	9.26	0.90	1.00	
NPM1	7 	0.02	22 	0.06	7 	0.04	6 	0.02	4 	0.02	11 	0.06	9 	0.03	66	0.04	7	12.10	0.19	0.21	
PN	0	0.00	3 	0.01	0	0.00	0	0.00	0	0.00	2 	0.01	2 	0.01	7	0.00	3	10.99	0.54	0.60	
PN1	45 	0.15	71 	0.18	23 	0.13	38 	0.12	34 	0.19	11 	0.06	26 	0.10	248	0.14	7	22.24	0.13	0.14	
PN121	3 	0.01	3 	0.01	1 	0.01	4 	0.01	0	0.00	0	0.00	1 	0.00	12	0.01	5	6.92	0.27	0.30	
PNQO	0	0.00	2 	0.01	0	0.00	0	0.00	2 	0.01	0	0.00	2 	0.01	6	0.00	3	9.92	0.54	0.60	
PNQS	63 	0.21	71 	0.18	51 	0.29	62 	0.19	32 	0.18	17 	0.10	67 	0.26	363	0.20	7	23.50	0.09	0.10	
PNQV	0	0.00	0	0.00	1 	0.01	0	0.00	0	0.00	0	0.00	0	0.00	1	0.00	1	4.65	0.90	1.00	
PPGE	1 	0.00	4 	0.01	0	0.00	1 	0.00	1 	0.01	1 	0.01	4 	0.02	12	0.01	6	6.50	0.30	0.34	
PPH1	114 	0.39	206 	0.52	92 	0.52	81 	0.25	33 	0.19	51 	0.29	119 	0.45	696	0.39	7	72.36	0.14	0.15	
PPHO2	34 	0.12	60 	0.15	39 	0.22	34 	0.11	21 	0.12	11 	0.06	43 	0.16	242	0.13	7	22.80	0.13	0.14	
PPHS1	1 	0.00	13 	0.03	0	0.00	0	0.00	1 	0.01	1 	0.01	7 	0.03	23	0.01	5	29.16	0.51	0.56	
PPHS2	95 	0.32	88 	0.22	89 	0.50	67 	0.21	38 	0.22	16 	0.09	126 	0.48	519	0.29	7	103.89	0.19	0.21	
PPIO1	0	0.00	4 	0.01	1 	0.01	0	0.00	0	0.00	0	0.00	0	0.00	5	0.00	2	11.81	0.68	0.76	
PPIO2	20 	0.07	42 	0.11	10 	0.06	18 	0.06	14 	0.08	16 	0.09	34 	0.13	154	0.09	7	14.08	0.13	0.15	
PPIS1	2 	0.01	5 	0.01	3 	0.02	0	0.00	0	0.00	10 	0.06	0	0.00	20	0.01	4	34.37	0.48	0.54	
PPIS2	1041 	3.54	444 	1.13	457 	2.59	534 	1.65	438 	2.49	456 	2.56	419 	1.60	3789	2.10	7	569.84	0.17	0.19	
PPX1	2 	0.01	6 	0.02	1 	0.01	4 	0.01	0	0.00	1 	0.01	9 	0.03	23	0.01	6	13.97	0.29	0.32	
PPX121	0	0.00	2 	0.01	0	0.00	0	0.00	0	0.00	0	0.00	1 	0.00	3	0.00	2	6.12	0.64	0.71	
PPX2	5 	0.02	11 	0.03	7 	0.04	4 	0.01	4 	0.02	0	0.00	14 	0.05	45	0.02	6	20.11	0.25	0.28	
PPX221	1 	0.00	8 	0.02	0	0.00	0	0.00	1 	0.01	0	0.00	2 	0.01	12	0.01	4	16.73	0.47	0.52	
PPY	225 	0.77	47 	0.12	1 	0.01	20 	0.06	8 	0.05	2 	0.01	21 	0.08	324	0.18	7	497.62	0.53	0.59	
RA	1 	0.00	2 	0.01	4 	0.02	1 	0.00	2 	0.01	3 	0.02	4 	0.02	17	0.01	7	8.36	0.33	0.36	
RA21	0	0.00	1 	0.00	0	0.00	0	0.00	0	0.00	0	0.00	3 	0.01	4	0.00	2	10.12	0.64	0.71	
REX	0	0.00	4 	0.01	0	0.00	0	0.00	1 	0.01	0	0.00	2 	0.01	7	0.00	3	11.15	0.54	0.60	
REX21	5 	0.02	16 	0.04	4 	0.02	5 	0.02	1 	0.01	10 	0.06	5 	0.02	46	0.03	7	14.75	0.25	0.27	
REX22	0	0.00	6 	0.02	0	0.00	0	0.00	0	0.00	0	0.00	0	0.00	6	0.00	1	18.24	0.78	0.87	
RG	95 	0.32	137 	0.35	56 	0.32	39 	0.12	11 	0.06	62 	0.35	70 	0.27	470	0.26	7	89.85	0.17	0.19	
RG21	5 	0.02	15 	0.04	1 	0.01	6 	0.02	4 	0.02	3 	0.02	8 	0.03	42	0.02	7	8.26	0.18	0.20	
RG22	4 	0.01	11 	0.03	1 	0.01	4 	0.01	2 	0.01	2 	0.01	7 	0.03	31	0.02	7	6.78	0.22	0.24	
RGQ	6 	0.02	11 	0.03	3 	0.02	1 	0.00	0	0.00	2 	0.01	7 	0.03	30	0.02	6	15.68	0.28	0.31	
RGQV	0	0.00	1 	0.00	1 	0.01	0	0.00	0	0.00	0	0.00	0	0.00	2	0.00	2	4.92	0.68	0.76	
RGQV31	2 	0.01	0	0.00	0	0.00	0	0.00	0	0.00	0	0.00	0	0.00	2	0.00	1	7.26	0.84	0.93	
RGQV32	2 	0.01	0	0.00	0	0.00	0	0.00	0	0.00	0	0.00	0	0.00	2	0.00	1	7.26	0.84	0.93	
RGQV33	2 	0.01	0	0.00	0	0.00	0	0.00	0	0.00	0	0.00	0	0.00	2	0.00	1	7.26	0.84	0.93	
RGR	54 	0.18	88 	0.22	29 	0.16	71 	0.22	28 	0.16	43 	0.24	32 	0.12	345	0.19	7	14.77	0.09	0.10	
RGT	26 	0.09	16 	0.04	8 	0.05	19 	0.06	7 	0.04	22 	0.12	17 	0.06	115	0.06	7	17.15	0.16	0.18	
RL	56 	0.19	78 	0.20	26 	0.15	36 	0.11	29 	0.16	32 	0.18	54 	0.21	311	0.17	7	12.32	0.08	0.09	
RL21	0	0.00	1 	0.00	0	0.00	1 	0.00	0	0.00	0	0.00	0	0.00	2	0.00	2	3.71	0.60	0.67	
RP	65 	0.22	61 	0.15	30 	0.17	25 	0.08	8 	0.05	34 	0.19	45 	0.17	268	0.15	7	43.27	0.15	0.17	
RR	435 	1.48	717 	1.82	218 	1.23	484 	1.50	237 	1.35	298 	1.67	605 	2.31	2994	1.66	7	108.73	0.08	0.09	
RR21	41 	0.14	83 	0.21	20 	0.11	47 	0.15	10 	0.06	33 	0.19	31 	0.12	265	0.15	7	27.08	0.12	0.13	
RR22	1 	0.00	6 	0.02	0	0.00	3 	0.01	0	0.00	0	0.00	4 	0.02	14	0.01	4	12.93	0.39	0.43	
RR31	1 	0.00	5 	0.01	0	0.00	0	0.00	0	0.00	2 	0.01	2 	0.01	10	0.01	4	11.40	0.44	0.48	
RR32	1 	0.00	1 	0.00	0	0.00	0	0.00	0	0.00	0	0.00	0	0.00	2	0.00	2	3.90	0.62	0.69	
RR33	1 	0.00	1 	0.00	0	0.00	0	0.00	0	0.00	0	0.00	0	0.00	2	0.00	2	3.90	0.62	0.69	
RR41	1 	0.00	1 	0.00	0	0.00	0	0.00	0	0.00	1 	0.01	0	0.00	3	0.00	3	4.71	0.52	0.58	
RRQ	51 	0.17	76 	0.19	35 	0.20	52 	0.16	31 	0.18	28 	0.16	52 	0.20	325	0.18	7	2.44	0.04	0.04	
RRQV	8 	0.03	4 	0.01	3 	0.02	9 	0.03	8 	0.05	1 	0.01	6 	0.02	39	0.02	7	10.64	0.21	0.23	
RRR	85 	0.29	62 	0.16	39 	0.22	54 	0.17	32 	0.18	57 	0.32	36 	0.14	365	0.20	7	33.19	0.14	0.15	
RRT	24 	0.08	13 	0.03	8 	0.05	11 	0.03	9 	0.05	10 	0.06	10 	0.04	85	0.05	7	10.10	0.15	0.16	
RT	61 	0.21	67 	0.17	19 	0.11	41 	0.13	20 	0.11	14 	0.08	60 	0.23	282	0.16	7	28.35	0.14	0.16	
TO	831 	2.83	807 	2.05	478 	2.71	968 	3.00	503 	2.86	499 	2.80	589 	2.25	4675	2.59	7	95.42	0.07	0.07	
UH	9 	0.03	8 	0.02	0	0.00	8 	0.02	1 	0.01	3 	0.02	2 	0.01	31	0.02	6	13.33	0.25	0.27	
VBDR	13 	0.04	28 	0.07	4 	0.02	11 	0.03	2 	0.01	4 	0.02	22 	0.08	84	0.05	7	24.14	0.23	0.26	
VBDZ	18 	0.06	36 	0.09	5 	0.03	3 	0.01	3 	0.02	8 	0.04	21 	0.08	94	0.05	7	38.75	0.27	0.30	
VBG	12 	0.04	33 	0.08	17 	0.10	14 	0.04	11 	0.06	6 	0.03	22 	0.08	115	0.06	7	14.50	0.16	0.18	
VBI	107 	0.36	221 	0.56	120 	0.68	172 	0.53	142 	0.81	105 	0.59	226 	0.86	1093	0.61	7	74.79	0.11	0.12	
VBM	0	0.00	0	0.00	0	0.00	0	0.00	15 	0.09	1 	0.01	0	0.00	16	0.01	2	66.93	0.84	0.93	
VBN	34 	0.12	56 	0.14	22 	0.12	18 	0.06	9 	0.05	21 	0.12	51 	0.19	211	0.12	7	34.48	0.15	0.17	
VBR	132 	0.45	257 	0.65	119 	0.67	170 	0.53	100 	0.57	99 	0.56	189 	0.72	1066	0.59	7	25.19	0.07	0.08	
VBZ	197 	0.67	433 	1.10	157 	0.89	183 	0.57	118 	0.67	181 	1.02	318 	1.21	1587	0.88	7	119.75	0.13	0.14	
VD0	24 	0.08	42 	0.11	14 	0.08	28 	0.09	4 	0.02	10 	0.06	27 	0.10	149	0.08	7	16.31	0.11	0.12	
VDD	6 	0.02	6 	0.02	3 	0.02	2 	0.01	0	0.00	0	0.00	1 	0.00	18	0.01	5	13.02	0.35	0.39	
VDG	5 	0.02	7 	0.02	2 	0.01	1 	0.00	1 	0.01	3 	0.02	4 	0.02	23	0.01	7	5.71	0.20	0.22	
VDI	25 	0.09	33 	0.08	13 	0.07	19 	0.06	4 	0.02	6 	0.03	13 	0.05	113	0.06	7	14.63	0.15	0.17	
VDN	9 	0.03	13 	0.03	2 	0.01	4 	0.01	5 	0.03	3 	0.02	4 	0.02	40	0.02	7	6.61	0.20	0.22	
VDZ	3 	0.01	17 	0.04	4 	0.02	12 	0.04	4 	0.02	3 	0.02	13 	0.05	56	0.03	7	12.32	0.21	0.23	
VH0	255 	0.87	153 	0.39	74 	0.42	122 	0.38	45 	0.26	80 	0.45	134 	0.51	863	0.48	7	113.87	0.14	0.16	
VHD	6 	0.02	5 	0.01	0	0.00	1 	0.00	0	0.00	0	0.00	3 	0.01	15	0.01	4	14.95	0.41	0.45	
VHG	4 	0.01	5 	0.01	3 	0.02	3 	0.01	4 	0.02	4 	0.02	12 	0.05	35	0.02	7	10.74	0.23	0.25	
VHI	27 	0.09	35 	0.09	27 	0.15	34 	0.11	23 	0.13	23 	0.13	38 	0.15	207	0.11	7	8.85	0.10	0.11	
VHN	1 	0.00	5 	0.01	0	0.00	2 	0.01	2 	0.01	0	0.00	7 	0.03	17	0.01	5	14.59	0.36	0.40	
VHZ	58 	0.20	147 	0.37	42 	0.24	41 	0.13	63 	0.36	42 	0.24	84 	0.32	477	0.26	7	58.76	0.15	0.17	
VM	935 	3.18	613 	1.55	597 	3.38	674 	2.09	585 	3.32	517 	2.90	723 	2.76	4644	2.57	7	342.79	0.12	0.13	
VM21	0	0.00	0	0.00	1 	0.01	0	0.00	0	0.00	1 	0.01	0	0.00	2	0.00	2	6.50	0.80	0.89	
VMK	0	0.00	3 	0.01	0	0.00	1 	0.00	0	0.00	0	0.00	1 	0.00	5	0.00	3	6.92	0.46	0.51	
VV0	713 	2.43	1364 	3.46	425 	2.41	1027 	3.18	326 	1.85	300 	1.68	600 	2.29	4755	2.64	7	264.00	0.11	0.12	
VVD	157 	0.53	148 	0.38	31 	0.18	91 	0.28	59 	0.33	37 	0.21	117 	0.45	640	0.35	7	67.25	0.13	0.15	
VVG	751 	2.56	908 	2.30	469 	2.66	883 	2.74	415 	2.36	362 	2.03	563 	2.15	4351	2.41	7	41.47	0.04	0.05	
VVGK	1 	0.00	0	0.00	1 	0.01	1 	0.00	0	0.00	1 	0.01	0	0.00	4	0.00	4	5.26	0.46	0.51	
VVI	1762 	6.00	1217 	3.09	1026 	5.81	1520 	4.71	1012 	5.74	951 	5.33	1125 	4.30	8613	4.78	7	448.77	0.09	0.10	
VVN	471 	1.60	759 	1.92	299 	1.69	490 	1.52	338 	1.92	317 	1.78	569 	2.17	3243	1.80	7	46.44	0.05	0.06	
VVNK	0	0.00	0	0.00	0	0.00	0	0.00	1 	0.01	0	0.00	0	0.00	1	0.00	1	4.65	0.90	1.00	
VVZ	200 	0.68	349 	0.89	145 	0.82	160 	0.50	142 	0.81	133 	0.75	238 	0.91	1367	0.76	7	52.59	0.08	0.09	
XX	80 	0.27	185 	0.47	80 	0.45	100 	0.31	56 	0.32	39 	0.22	163 	0.62	703	0.39	7	74.19	0.15	0.16	
ZZ1	11 	0.04	39 	0.10	2 	0.01	56 	0.17	5 	0.03	3 	0.02	17 	0.06	133	0.07	7	73.61	0.32	0.35	
TOTAL	29371	100	39433	100	17662	100	32269	100	17616	100	17826	100	26179	100	180356	100	7
